
Last position-specific scoring matrix computed, weighted observed percentages rounded down, information per position, and relative weight of gapless real matches to pseudocounts
           A  R  N  D  C  Q  E  G  H  I  L  K  M  F  P  S  T  W  Y  V   A   R   N   D   C   Q   E   G   H   I   L   K   M   F   P   S   T   W   Y   V
    1 H   -4 -3  0 -4 -6  5 -3 -5  8 -6 -5 -3 -4 -3 -5 -4 -4 -3  6 -5    0   0   4   0   0  32   0   0  36   0   0   0   0   0   0   0   0   0  27   0  1.72 1.53
    2 T   -3 -1 -2 -3 -3  3  1 -5  0 -2 -3 -1 -2 -3 -3  1  6 -6 -3 -1    1   2   1   1   0  12   7   0   2   2   2   3   1   1   1   8  51   0   1   4  0.85 1.75
    3 L   -4 -5 -7 -7 -5 -6 -6 -7 -4  4  5 -5 -1 -2 -6 -5 -4 -5 -2  3    0   0   0   0   0   0   0   0   0  18  54   0   1   1   0   0   0   0   1  22  1.21 1.91
    4 D   -5 -4  2  8 -7 -3 -1 -4 -3 -7 -7 -3 -5 -7 -4 -3 -4 -8 -6 -6    0   0   7  86   0   0   2   0   0   0   0   1   0   0   0   1   0   0   0   0  2.18 1.94
    5 A    4 -4 -3 -5  5 -4 -4 -2 -5 -1  1 -5  0 -3 -5 -2  1 -6 -3  1   41   1   1   0  12   0   1   3   0   3  16   0   2   1   0   1   8   0   1  10  0.75 1.95
    6 L   -3  6 -3 -4  4 -1 -3 -2 -3 -2 -1  2 -1 -4 -5  1  1 -3 -4 -1    1  38   0   0   7   2   1   4   0   3   7  10   2   1   0   9   9   0   0   4  0.70 1.97
    7 G   -3 -3 -1 -1 -3 -4 -3  7 -2 -7 -6 -4 -5 -5 -3 -3 -4 -4 -3 -6    1   1   2   3   1   1   1  84   1   0   0   0   0   0   1   1   0   0   1   0  1.83 1.96
    8 L   -2 -1 -4 -3 -3 -1  0 -6  0 -2  5 -1  2 -2 -6 -2  0 -1 -1 -1    4   3   0   2   0   3   7   0   2   1  52   4   5   1   0   3   5   1   2   3  0.65 1.94
    9 R    1  3  0 -3 -1  1 -2 -2  0 -2 -1  1  1 -1  0  1 -1 -3  0  0   11  13   5   2   1   7   2   4   2   2   7  10   3   3   4  12   3   0   3   6  0.15 1.89
   10 C   -3 -4 -6 -6 11 -6 -6 -4 -6 -4 -5 -6 -5 -5 -4 -3 -4 -5 -3 -4    1   1   0   0  92   0   0   1   0   0   0   0   0   0   1   2   0   0   1   0  3.35 1.88
   11 P   -2 -5 -5 -5 -6 -3 -4 -3 -5 -5 -4 -4 -3 -5  8 -3 -4 -3 -6 -3    3   0   0   0   0   1   0   2   0   1   1   0   1   1  87   1   1   1   0   2  2.54 1.96
   12 E   -3 -3 -3 -3 -5  1  2  2 -2  0  2 -3  5  0 -5 -3  0  0  0  0    2   1   1   1   0   6  13  15   1   6  18   1  15   4   0   1   5   1   4   5  0.39 2.01
   13 P   -3 -5 -1 -4 -3 -5 -5 -5 -2 -5 -4 -5 -4 -4  8 -4 -2 -7 -4 -3    1   0   3   1   1   0   0   1   1   1   2   0   0   1  84   1   2   0   1   2  2.43 2.02
   14 V   -2 -6 -6 -4 -5 -2 -5 -6 -6  4  3 -6 -1 -1 -5 -4 -2 -2 -3  5    3   0   0   1   0   2   1   1   0  24  23   0   1   3   0   1   2   1   1  38  0.99 2.06
   15 M   -3 -4 -5 -5 -3 -4 -5 -6 -3  4  4 -4  5 -2 -6 -4 -3 -6 -3  3    1   1   1   0   0   0   1   1   1  24  32   1  16   1   0   1   1   0   1  16  0.99 2.09
   16 M   -2  3 -1 -2 -4  1  2 -5 -2 -2 -1  4  4 -4 -5 -3 -3 -3 -2 -4    2  16   3   2   0   5  12   1   1   2   6  29  12   1   0   1   1   0   1   1  0.65 2.09
   17 V    2 -5 -5 -6  0 -5 -5 -4 -6  0  3 -5  0 -2 -3 -2  4 -6 -5  2   17   0   0   0   2   0   0   1   0   4  25   0   2   1   1   1  28   0   0  13  0.65 2.07
   18 R    0  4 -2 -3 -3  0 -2 -3  1 -2 -3  5 -2 -1 -5 -2 -3 -6 -2 -4    8  18   2   1   1   4   1   1   4   3   2  40   1   2   0   3   2   0   1   1  0.74 2.14
   19 K   -2  2  1 -1 -6  2  1 -3 -2 -3 -2  6 -1 -4 -4 -2 -3 -6 -4 -3    3   9   6   3   0   7   8   2   1   1   5  42   1   1   1   2   1   0   1   2  0.68 2.15
   20 T    5  0 -2 -4 -1 -1  0 -2  0 -2 -3  1  0 -3 -5 -1  0  0 -2 -1   41   6   2   1   1   3   7   3   2   2   3   7   3   1   0   3   6   1   2   3  0.45 2.16
   21 V   -2 -4 -6 -6 -2 -3 -6 -6 -2  3  4 -5  5 -1 -6 -4 -3 -1 -1  1    2   1   0   0   1   1   0   0   1  18  38   0  15   2   0   1   2   1   2  10  0.87 2.13
   22 R    0  3  1  2 -2  0  2 -1 -1 -4 -4  3 -1 -4 -2 -1 -2 -6 -3 -3   10  15   6  11   1   4  12   5   1   1   2  17   1   1   2   5   2   0   1   2  0.33 2.22
   23 N    0 -1  1  2 -2  1  3 -1  0 -4 -4  2 -2 -3 -2  0  0 -6 -3 -3    7   3   5  10   1   6  18   6   2   1   2  14   1   1   2   8   7   0   1   1  0.25 2.22
   24 M    0 -2 -1 -3  0 -2 -3 -2 -1  1  3 -3  6 -1 -3 -2 -2 -5 -1  0    8   2   4   2   2   2   2   3   2   7  23   2  22   2   2   3   2   0   2   6  0.47 2.17
   25 Q    1 -2  2  1 -1  2  2 -2  1 -3 -3  1 -1 -3  2 -1 -1 -6 -2 -3   11   2   8   6   1   9  12   3   3   2   3   7   1   1  12   5   5   0   1   2  0.19 2.20
   26 P    0 -1  0  1  0 -1  1  0  0 -1 -2  0  0 -1  2  1 -1  2 -1 -1    7   3   4   8   2   3   8   7   3   3   4   5   3   2  10  11   3   2   2   4  0.05 2.26
   27 G   -2 -2  0 -1  0 -1 -2  5  0 -2 -3 -2  0 -1 -1 -2 -2  2 -1 -2    3   3   4   4   2   3   3  45   3   2   3   3   2   2   3   3   3   2   2   3  0.59 2.25
   28 E    0 -1 -1  3  0  3  3 -1  0 -2 -3  0 -1 -2 -2 -1  0 -5 -1 -2    9   2   3  14   2  14  20   5   2   2   2   4   2   2   2   4   6   0   2   3  0.33 1.88
   29 T   -2  0 -2 -2  0  1 -1 -3 -1  3 -1 -1  0 -2 -2 -2  2  1 -1  3    3   6   2   3   2   6   4   2   2  15   6   3   2   2   2   3  11   2   2  23  0.27 1.94
   30 L    0  0 -4 -4  3 -4  0  0 -4  1 -1 -4  3  1  1  0  0  4  2  0    7   7   0   0   6   0   7   7   0   7   7   0   6   6   7   7   7   6   6   7  0.23 1.56
   31 L   -1  2 -1 -1  1  0  3 -2  1 -1 -1  0  0 -1 -4 -1  0  2  0 -1    5  10   3   4   3   4  21   3   3   4   6   6   3   3   1   3   5   3   3   5  0.18 1.66
   32 I    0 -4 -3 -4 -4  1  0  0  3  1  0 -3  3  1  1  0  1 -4 -3  0    8   0   0   0   0   7   8   8   7   8   8   0   7   7   8   8   8   0   0   8  0.20 1.34
   33 I   -2  0 -2 -1  0  0  0 -3  2  2  2  0  0 -1 -2 -2  0  2 -1  2    2   5   2   3   2   4   6   2   5  13  18   6   2   2   2   2   5   3   2  14  0.20 1.92
   34 A    3 -5 -2 -2  2 -4 -4 -2 -5 -1  0 -4  0  2 -2  2  2  1  0  0   27   0   2   2   4   0   0   3   0   4   8   0   2   8   2  14  11   2   3   6  0.38 1.89
   35 D   -1  0  1  0  3  1  0 -1  2  0 -1  0  2 -4 -5  0  0  4  1  0    6   6   5   6   5   5   6   6   5   6   6   6   5   0   0   6   6   5   5   6  0.16 1.89
   36 D   -1 -1  0  5  1  0  1 -2  1 -2 -3 -1  0 -1 -5 -1 -1  2  0 -5    4   3   5  37   3   4   9   3   3   3   3   3   3   3   0   4   3   3   3   0  0.59 1.93
   37 P    0 -1 -1 -1  0  0  2 -1  0 -2 -3  0  0 -2  5  0 -1 -6 -2 -2    7   3   2   3   2   5  12   5   2   2   3   6   2   2  27   6   4   0   2   3  0.41 1.99
   38 A    2 -2 -1 -1  1  0  0  4 -1 -2 -3 -2 -1 -3 -1  1  1 -6 -2 -1   15   2   3   3   3   4   7  26   2   2   2   2   2   1   3   9   8   0   2   4  0.31 2.02
   39 T    4 -5 -2 -3 -1 -2 -3 -3 -5 -2 -3 -4 -2  2  0  4  1 -1 -2 -1   32   0   1   1   1   1   2   1   0   2   2   0   1   9   5  26   7   1   1   5  0.60 2.00
   40 T    0  1 -2 -2 -1  0 -1 -3 -2  1  0  2  1 -2  1 -2  0  0 -2  2    8   9   2   2   1   4   5   2   1   8   9  11   3   2   6   2   6   2   1  16  0.16 2.03
   41 R   -1  3  0  0 -3  1  3 -3  0  0 -2  2 -1 -4 -3 -1  0 -1 -2 -1    6  14   5   5   1   7  19   2   2   6   4  10   1   1   1   4   5   1   2   5  0.27 2.06
   42 D   -3 -3  4  7 -6 -2  1 -3 -1 -4 -6 -3 -2 -6 -5 -1 -2 -7 -3 -4    1   1  19  58   0   1   6   1   2   1   0   1   1   0   0   3   3   0   1   1  1.39 1.91
   43 I   -3 -6 -6 -6 -2 -6 -6 -4 -6  5  2 -6  1  3 -6 -4 -3 -5 -2  4    2   0   0   0   1   0   0   1   0  35  19   0   3  10   0   1   1   0   1  25  0.99 1.92
   44 P    0  0 -3 -3 -3  1  1 -3 -2 -3 -4  1 -2 -4  6 -1  0 -3 -4 -3    7   6   1   1   1   5   8   2   1   2   2   7   1   1  44   4   5   1   1   2  0.92 1.93
   45 G    4  3  0 -2 -3  0  0 -2  1 -3 -2  1  0 -3 -3  1 -1 -6 -2 -2   31  13   4   2   1   3   5   3   4   1   5   8   2   1   1   9   3   0   1   3  0.37 1.94
   46 F   -2 -4 -4 -3 -5 -5 -4 -4 -3 -3  0 -4  1  5 -6 -1 -3 10  2 -3    3   1   1   2   0   0   1   1   1   1  10   1   4  23   0   6   1  37   5   1  1.58 1.92
   47 C    4 -4 -5 -4  8 -4 -4 -3 -5 -1 -1 -5  0 -3 -5 -2 -1 -5 -4  1   30   1   0   1  36   1   1   1   0   3   7   0   2   1   0   3   3   0   1  10  1.20 1.90
   48 T    0  4  0  0 -4  1  2 -2  0 -4 -4  4 -2 -4 -3 -1 -1 -3 -4 -3    8  20   4   5   0   7  15   3   3   1   2  21   1   0   1   4   4   0   1   2  0.50 1.93
   49 F   -1  1  1 -1 -3  3  2 -3  1 -1 -1  2  2  1 -5  1 -1 -5 -3 -3    5   8   6   3   1  14  11   2   3   3   5  12   6   5   0  11   4   0   1   2  0.28 1.93
   50 M    0 -1  1 -2 -3  1  1 -3  2 -3  0 -1  3 -3 -4  1  4 -3 -1 -2    8   4   6   2   0   7   8   2   4   1   8   4   7   1   0   9  25   0   2   2  0.33 1.95
   51 E   -2 -2  0 -1 -4 -2 -2  7 -2 -6 -6 -1 -4 -6 -3 -2 -4 -6 -4 -5    2   2   4   3   0   2   3  74   1   0   0   4   0   0   1   2   1   0   0   0  1.50 1.98
   52 H   -3 -3  3 -1  0  0 -3 -3  9 -4 -3 -3 -3 -1 -6 -3 -4  1  4 -3    2   1  16   3   2   4   0   2  45   1   3   1   1   2   0   1   0   2  12   2  1.35 1.99
   53 E   -1  1 -1  0 -4  2  5 -4 -1 -3 -4  2 -3 -5 -1 -1  2 -4 -4 -2    5   6   2   4   0  10  32   1   2   1   2  11   1   0   3   3  14   0   1   3  0.55 2.00
   54 L   -3 -5 -5 -5  0 -4 -5 -5  0  2  4 -4  1  2 -4 -4 -3  1  2  3    2   0   1   1   2   0   1   1   3  10  43   1   2   7   1   1   1   2   8  16  0.77 1.93
   55 V   -2 -4 -4 -3 -2 -3  0 -5 -4  2  4 -3  0 -3 -5 -3 -1 -4 -4  4    3   1   1   1   1   1   7   0   0  11  38   2   1   1   0   2   3   0   0  24  0.67 2.01
   56 A    1 -1 -1  1 -2  0  3  2  0 -3 -3  0 -2 -4 -4  3 -1 -1 -3 -2   11   3   3   8   1   3  16  14   2   2   2   7   1   1   0  18   3   1   1   3  0.31 2.03
   57 K   -1  0 -2 -2  0  2  1 -5  0  2 -1 -1  1  0 -4  0  1 -1 -1  2    4   5   1   2   2  10   9   1   2  10   7   4   3   4   1   8  10   1   2  14  0.20 2.04
   58 E   -1  1 -1  1 -3  2  5 -3  0 -2 -4  2 -3 -3 -3  0  0 -2 -3 -1    4   6   2   6   1   7  33   2   2   3   2  11   1   1   1   6   7   1   1   5  0.48 2.04
   59 T   -1  1 -1  1 -4  2  4 -4 -1 -1 -3  2 -3 -4  0 -1  1 -4 -4 -1    5   7   3   7   0   9  28   1   1   4   2  11   1   1   4   3   7   0   1   5  0.43 2.05
   60 D    0  0  0  3 -4  1  4 -1  0 -2 -3  0 -3 -4 -3  0 -1 -4 -4 -1    8   4   5  17   0   6  25   4   2   3   3   5   1   1   1   7   4   0   0   4  0.40 2.05
   61 G    0 -3  2  4 -4 -1  2  4 -2 -5 -6 -1 -4 -5 -2 -1 -2 -6 -4 -5    6   1   8  19   0   2  12  35   1   0   0   4   0   0   2   4   2   0   1   1  0.74 2.04
   62 L   -1 -1  1  3 -4 -2  1  5 -1 -4 -4  0 -4 -5 -1 -1 -1 -6 -4 -4    4   3   7  16   0   2   7  37   1   1   2   6   0   0   3   4   4   0   1   1  0.61 2.04
   63 P   -1  0 -2 -1 -1 -1  2  0  1  0 -2  0 -2 -1  0 -2  0 -3  1  2    5   4   2   3   2   3  15   9   4   5   4   6   1   2   5   3   6   0   5  16  0.16 2.05
   64 Y   -4 -3 -4 -4 -3 -2 -5 -5  2  1  0 -4 -1  4 -3 -3 -1  7  6 -1    1   2   1   1   1   2   1   1   4   8   9   1   1  18   1   2   4  13  26   4  0.96 2.05
   65 R   -1  4 -3 -4 -2  0  0 -5  3  1 -2  2 -3 -3 -5 -1  1 -3  0  1    5  21   1   0   1   3   7   1   7   8   4  12   0   1   0   5  10   0   3   9  0.38 2.07
   66 Y    0 -5 -6 -7 -3 -5 -5 -5  2  3  0 -5 -1  6 -6 -4 -4  1  5  1    8   0   0   0   1   0   0   1   5  16   9   0   1  27   0   1   1   1  20  10  0.96 2.07
   67 L   -3  0 -4 -5 -3 -2 -3 -6  0  1  2 -1 -1  2 -6 -3  1  5  4  2    2   5   0   1   0   1   2   0   2   8  21   3   1   7   0   1  10   8  14  13  0.52 2.08
   68 I   -4 -6 -7 -7 -4 -5 -7 -7 -5  7  2 -6  0 -2 -6 -5 -4 -6 -4  4    1   0   0   0   0   0   0   0   0  57  16   0   2   1   0   0   0   0   0  22  1.46 2.07
   69 R   -3  6 -3 -4 -3  3  2 -5 -3 -4 -4  4 -3 -6 -5 -2  0 -4 -5 -4    1  39   1   0   1  11  13   0   0   1   1  22   1   0   0   2   5   0   0   1  1.06 2.07
   70 K   -4  4 -3 -4 -3 -2 -3 -5 -3 -5 -5  7 -4 -7 -4 -4 -4 -7 -5 -4    1  19   0   0   1   0   0   0   0   0   0  75   0   0   0   0   0   0   0   1  1.80 2.04
   71 G    3 -6 -4 -5 -5 -5 -5  7 -5 -6 -6 -5 -6 -6 -5 -3 -4 -6 -6 -5   28   0   0   0   0   0   0  72   0   0   0   0   0   0   0   0   0   0   0   0  1.82 1.87

                      K         Lambda
Standard Ungapped    0.1420     0.3239
Standard Gapped      0.0410     0.2670
PSI Ungapped         0.1740     0.3175
PSI Gapped           0.0532     0.2670
