
Last position-specific scoring matrix computed, weighted observed percentages rounded down, information per position, and relative weight of gapless real matches to pseudocounts
           A  R  N  D  C  Q  E  G  H  I  L  K  M  F  P  S  T  W  Y  V   A   R   N   D   C   Q   E   G   H   I   L   K   M   F   P   S   T   W   Y   V
    1 G    4 -3 -2 -3 -3 -3 -3  5 -3 -4 -4 -2 -3 -4 -3 -1 -2 -4 -4 -3   41   0   0   0   0   0   0  59   0   0   0   0   0   0   0   0   0   0   0   0  1.00 0.44
    2 I   -3 -5 -5 -6 -4 -5 -5 -6 -1  7 -1 -5  3 -1 -5 -5 -3  1 -3  3    0   0   0   0   0   0   0   0   2  73   0   0   8   1   0   0   0   2   0  14  1.30 1.00
    3 N   -2  3  1 -4  0 -1 -3 -4 -2 -2  1  0 -2 -4 -4  2  3 -5 -4  1    1  16   7   0   2   2   0   0   1   2  12   5   1   0   0  19  22   0   0  11  0.41 1.07
    4 V   -3 -5 -6 -6 -4 -5 -5 -6 -6  6  3 -5 -1 -1 -5 -5 -3 -5 -3  4    0   0   0   0   0   0   0   0   0  50  24   0   0   2   0   0   0   0   0  24  1.14 1.09
    5 R   -4  7  1 -4 -6 -1 -2 -3 -1 -6 -5  4 -4 -5 -4 -3 -2 -5 -4 -5    0  59   5   0   0   0   0   2   1   0   0  31   0   0   0   0   1   0   0   0  1.40 1.12
    6 L   -4 -5 -6 -6  1 -5 -6 -6 -6  3  5 -5 -1 -2 -5 -5 -3 -4 -4  1    0   0   0   0   3   0   0   0   0  16  72   0   0   0   0   0   0   0   0   8  1.20 1.12
    7 K   -3  2 -1 -3 -5  1 -2 -4 -3 -4 -4  7  0 -5 -3 -1 -3 -5 -4 -4    0   9   2   0   0   6   0   0   0   1   0  74   3   0   0   3   0   0   0   0  1.29 1.09
    8 F   -3 -4 -4 -5  2 -4 -4 -5  2 -1 -2 -4 -3  7 -5 -4 -1 -1  6 -2    2   0   0   0   5   0   0   0   5   2   1   0   0  44   0   0   4   0  31   3  1.26 1.06
    9 L   -4 -4 -5 -5 -4 -4 -5 -5 -5  1  6 -5  3  0 -5 -2 -2 -4 -3  0    0   0   0   0   0   0   0   0   0   6  72   0   7   2   0   3   2   0   0   6  1.10 1.20
   10 N   -3 -3  7  4 -5 -1 -2 -2  1 -6 -6 -3 -5 -6 -4  1 -3 -6 -5 -5    1   0  60  24   0   1   0   2   3   0   0   0   0   0   0   8   0   0   0   0  1.43 1.26
   11 D   -4 -4 -1  7 -6 -1  3 -1 -4 -6 -6 -3 -6 -6 -4 -1 -4 -7 -6 -6    0   0   1  73   0   2  16   5   0   0   0   0   0   0   0   4   0   0   0   0  1.65 1.30
   12 T   -3  1  0  2 -4 -1  1 -4 -2 -2 -4 -1 -4 -5 -4  2  5 -5 -2 -2    0   8   3  10   0   2   8   0   1   2   0   4   0   0   0  14  45   0   1   3  0.72 1.28
   13 E   -3 -1  0 -1 -2  4  5 -3  1 -3 -1  0 -3 -5 -2 -2 -2 -5 -4 -1    0   2   5   2   1  21  40   1   3   1   8   4   0   0   2   2   2   0   0   5  0.71 1.28
   14 E   -4  5 -2 -4 -6 -1  2 -5  0 -3 -2  4 -1 -1 -4 -3 -2 -5 -2 -1    0  37   1   0   0   2  12   0   2   1   4  27   1   3   0   1   2   0   1   6  0.82 1.33
   15 L   -4 -1 -1  0 -2 -3  1 -5 -2  2  2 -4  0  0 -3 -1  1 -5  0  2    0   3   3   6   1   1   9   0   1  13  21   0   2   3   1   5   9   0   4  17  0.30 1.32
   16 A    3 -5 -5 -5 -3 -4 -4 -4 -5  2 -1 -4  0 -1 -4 -3  0 -5 -4  6   22   0   0   0   0   0   0   0   0   8   3   0   2   2   0   0   4   0   0  57  0.96 1.25
   17 V   -2  2 -1  0 -2  3  3 -3  2 -3 -2 -2 -2 -1 -1 -1  1 -1  0  0    3  11   3   5   1  14  19   2   6   1   3   1   1   2   3   5   8   1   4   8  0.28 1.26
   18 A    2 -4 -4 -2  2 -4 -4  3 -5 -2 -2 -4 -3  0 -4  1  1 -5 -4  3   21   0   0   2   4   0   0  19   0   1   3   0   0   4   0  11   8   0   0  26  0.50 1.26
   19 R   -1  3  2  0  0  0  0 -4  1 -5 -2  1 -2 -5  2  2  0  0 -2 -4    4  16  10   4   2   4   5   0   3   0   3   9   1   0  10  19   7   1   1   0  0.37 1.26
   20 P    1 -1 -3 -5 -4 -4 -3 -3 -5 -1  4 -1  1 -4  5 -3 -2 -5 -4 -3   11   4   2   0   0   0   2   1   0   2  39   3   3   0  31   1   1   0   0   0  0.82 1.21
   21 E   -2 -1  2  3 -2  2  2 -1  1 -5 -4  0 -1 -5 -4  2  2 -6 -4 -4    1   3  11  19   1   8  12   4   4   0   2   4   2   0   0  14  15   0   0   0  0.48 1.21
   22 D   -2 -4 -3  4  1  0  4 -4 -1 -2 -4 -3  4 -5 -4 -1  1 -6 -5  0    3   0   0  28   4   3  29   0   1   1   0   0  11   0   0   4   8   0   0   9  0.72 1.21
   23 T   -2 -2 -2 -4 -1 -1 -3 -4 -2 -2  1  0  0 -3  0  1  6 -5 -4  0    1   2   2   0   1   3   0   1   1   1  12   5   2   1   4   8  50   0   0   6  0.69 1.21
   24 V   -3 -4 -4  1 -3 -4 -3 -4 -4  4  2 -4 -1  0 -4 -3 -2 -4 -3  4    1   1   1   9   0   0   1   1   0  25  18   1   0   3   1   1   1   0   0  36  0.70 0.99
   25 G    1 -1 -1  0 -4 -1 -1  5 -4 -2 -3  0 -1 -4 -4 -1 -3 -4 -4 -3   11   3   3   6   0   2   4  52   0   2   2   5   2   0   0   3   1   0   0   2  0.76 1.15
   26 T    0 -1  2  2 -4  1  1 -2  0 -1  0  1 -1 -1 -3  0 -1 -4  2 -1    7   2  10  12   0   5   9   3   2   4   8   9   2   3   1   7   3   0   9   5  0.15 1.10
   27 L   -3 -4 -4 -4 -3 -4 -4 -4  2  2  2 -4  2  6 -4 -4 -3 -2 -1  1    1   1   0   1   0   0   1   1   6  10  22   1   5  38   1   1   1   0   0  11  0.79 0.92
   28 K    0  2 -3 -3  3  3 -2 -4 -3 -3  0  5 -3  1 -3 -3 -3 -4 -3 -3    9   9   0   1   7  11   1   1   0   0  10  41   0   7   0   1   1   0   0   1  0.66 1.11
   29 S    0  1  1  1 -5  1  0  0 -4  0 -1  0 -3 -4  1  0  0  4 -4  0    7   7   7   7   0   7   7   7   0   7   7   7   0   0   7   7   7   6   0   7  0.15 1.56
   30 K    0  4 -1  0 -5  1 -1 -5  0 -2 -2  4  0 -4 -4 -2  1 -5  1 -2    7  19   3   4   0   6   2   0   2   3   4  28   2   0   0   2   9   0   6   2  0.49 1.41
   31 Y   -1 -3  1  2  1  0 -1  0  2  1  0  0  1  0 -4  0  0 -4  1 -1    4   1   8  10   3   3   4   7   6  10  10   7   3   4   1   6   7   0   5   4  0.12 1.19
   32 F    1 -4 -4 -5  4 -4 -4 -4 -4  1  1 -4 -2  6 -4  1 -3 -3 -1  1   12   0   0   0   9   0   0   1   0   9  12   0   0  34   0  10   0   0   0  10  0.72 1.23
   33 P    0 -1  0  0  1  1  0 -1  1 -1 -3 -1 -2 -3  3  3  0  1 -2 -3    8   2   5   5   3   6   6   5   3   4   2   3   1   1  16  20   6   2   1   1  0.28 1.50
   34 G    1 -1  0  2 -5 -1  2  2 -4  0 -3  0 -1 -5 -3 -1  1 -6 -5  0   13   3   5  13   0   3  12  15   0   6   2   5   2   0   1   3   9   0   0   8  0.25 1.50
   35 Q    0  1  0  0 -5  4  4 -4 -3 -5 -1  0 -4 -5  1  0  0 -6 -5 -4    7   6   5   5   0  17  29   0   0   0   6   5   0   0   7   5   7   0   0   0  0.55 1.33
   36 E    1 -1  2 -1 -5  3  2  0 -4 -1  0  0  1 -5 -1 -1 -3 -5 -5 -1   10   4  11   3   0  12  15   7   0   3   9   6   3   0   3   5   0   0   0   5  0.19 1.33
   37 S   -1  0  0  0  2  2  0 -1  2 -5 -2  4  1 -5 -1  1 -1 -5  0 -4    4   4   4   4   4   9   4   6   5   0   4  29   4   0   3   9   3   0   3   0  0.39 1.62
   38 Q   -1  2  1 -4 -5  5  1 -4  3  0 -1  0  1 -1 -4 -1 -1  2 -3 -1    5  12   6   0   0  23   7   0   6   5   6   5   3   3   0   5   4   3   0   5  0.39 1.62
   39 M   -3  2 -4 -4 -3  0 -3 -4 -4  4  0 -3  1 -2 -4 -3 -1 -4  0  5    1  13   0   0   0   4   0   1   0  22   6   0   4   0   0   1   2   0   4  41  0.63 0.84
   40 K   -3  7 -2 -3 -1 -1 -2 -4  0 -4 -4  3 -3 -4 -4 -3 -3 -4 -1 -4    0  66   0   0   2   0   0   0   2   0   0  14   0   0   0   0   0   0   2   0  1.09 0.88
   41 L   -3 -4 -5 -5 -3 -4 -5 -5 -4  0  6 -4  1  3 -5 -4 -3 -3 -2 -1    0   0   0   0   0   0   0   0   0   3  77   0   2  12   0   0   0   0   0   2  1.10 0.88
   42 I   -3 -4 -4 -4 -3 -4 -4 -4 -4  7  0 -4 -1 -2 -4 -3 -2 -4 -3  2    1   1   1   1   0   1   1   1   0  80   1   1   0   0   1   1   1   0   0  10  1.21 0.80
   43 Y    0 -3 -3 -4  0 -3 -3 -4  1 -2 -2 -3 -1  6 -4 -2 -2  1  6 -3    9   1   1   1   2   1   1   1   3   1   1   1   2  34   1   3   3   1  35   1  0.99 0.80
   44 Q   -2  2  5 -1 -1  5  0 -2  0 -4 -4  1 -3 -4 -3  0 -2 -4 -1 -4    2  10  31   1   2  28   4   2   1   1   1   6   0   0   1   6   1   0   2   1  0.69 0.80
   45 G   -1 -2 -1 -2 -3 -2 -2  5  6 -3 -3 -2 -3 -3 -2 -1 -2 -3 -2 -3    2   1   1   1   0   1   1  57  23   1   2   1   0   1   1   2   1   0   1   1  0.89 0.43
   46 R   -2  2 -2 -2  2  3 -1  0  3 -3 -3  1 -2 -2  4 -1 -2 -2  1 -3    2  11   1   1   6  16   1   7   7   1   2   8   0   1  23   2   1   0   6   1  0.44 0.43
   47 L   -1 -2 -3  0 -3  1  1 -3 -3  2  3 -2  2  0 -3 -2 -2 -3 -2  2    5   1   1   5   0   8  10   1   0  10  31   1   5   4   1   1   1   0   1  13  0.26 0.58
   48 L   -3 -3 -4 -4  2 -3 -4  1 -4 -1  5 -3  2 -2 -4 -3 -3 -3 -3 -1    1   1   1   1   4   1   1  12   0   1  70   1   4   0   1   1   1   0   0   1  0.83 0.82
   49 Q   -1  4 -1  0 -4  3 -1  2  1 -3 -2  1 -3 -4 -2  0 -1 -4 -3 -2    3  23   2   6   0  15   3  17   4   1   5   7   0   1   2   7   2   0   0   2  0.36 0.80
   50 D    1 -1  2  4 -1  0  1 -1 -2 -3 -3 -1 -3 -3  2 -1 -2 -4 -1 -1   13   3  11  30   2   3   7   4   0   1   3   2   0   1   9   4   1   0   2   4  0.40 0.79
   51 P    0 -2  0  6 -4  0  1 -2 -3 -4 -4 -2 -4 -4  1 -1 -1 -5 -2 -4    8   2   3  53   0   3   8   2   0   1   1   2   0   0   7   5   4   0   1   1  0.92 1.05
   52 A    1  0  2  1 -3  2  0 -1  0 -2 -3  1 -3 -3 -3  3  2 -4 -3 -3   10   5   9   7   0   8   6   5   2   2   2   7   0   1   1  22  11   0   0   1  0.28 1.03
   53 R    1  4 -2 -1 -4  4 -1 -2  0 -3 -2  2 -1 -4 -3  1 -2 -2 -3 -3   10  21   1   2   0  23   3   2   2   1   4  10   2   0   1  12   1   1   0   1  0.50 1.05
   54 T   -2  1 -2 -3  0 -2 -3 -3  0 -2 -3 -1 -3 -4 -2  2  6 -4 -3 -2    1   7   0   1   2   0   1   1   2   2   2   2   0   0   2  15  60   0   0   1  0.93 1.04
   55 L   -3 -4 -5 -5 -3 -4 -4 -5 -4  1  6 -4  0  0 -4 -4 -3 -3 -3 -1    1   1   0   1   0   0   1   1   0   5  83   1   0   2   1   1   1   0   0   2  1.21 1.05
   56 S    2  1 -1 -1  3  3  1 -1 -1 -2 -1 -1 -2 -2 -3  2 -1 -4 -3 -3   15   8   2   3   5  15  11   4   1   2   6   2   1   1   1  17   3   0   0   1  0.28 1.05
   57 S    0  1  0  1  1  1  0 -1  0 -5 -5 -2 -4  1 -4  4 -1 -5  0 -2    8   7   3   8   3   6   4   3   2   0   0   1   0   6   0  40   2   0   3   2  0.47 1.17
   58 L   -3 -5 -5 -6  7 -4 -5 -6 -1 -2  3 -5 -2  0 -5 -3 -4 -2  6 -1    1   0   0   0  26   0   0   0   1   0  32   0   0   3   0   1   0   0  33   2  1.24 1.10
   59 N   -2 -1  4 -2 -5 -1 -3  6  2 -5 -5 -1 -4 -5 -4 -2 -3 -5 -4 -2    1   3  23   1   0   2   0  54   6   0   0   3   0   0   0   2   0   0   0   3  1.04 1.05
   60 I   -4 -5 -6 -6 -4 -5 -5 -6 -5  5  4 -5  1  0 -5 -5 -2 -5 -3  3    0   0   0   0   0   0   0   0   0  41  36   0   2   4   0   0   1   0   0  16  1.03 1.10
   61 T   -1 -1 -1 -1 -2  0 -1 -2  3 -2 -2  0 -3  3 -1  1  4 -4  2 -2    3   4   2   3   1   4   3   3   8   2   2   5   0  12   3  11  27   0   6   2  0.33 1.14
   62 N   -2 -3  5  5 -6 -1  0 -2  6 -6 -6 -3 -5 -5 -1 -2 -3 -6 -4 -5    3   0  28  37   0   1   5   2  20   0   0   0   0   0   3   1   0   0   0   0  1.16 1.14
   63 N   -3 -1  7  1 -2  0 -1  3  0 -6 -4 -2 -5 -5 -5 -2 -3 -6 -1 -5    1   3  55   5   1   4   4  19   2   0   1   1   0   0   0   1   0   0   2   0  1.08 1.15
   64 C    0 -4 -1 -3  8 -2 -4 -3  0 -3 -4 -4 -4 -3 -4  5 -1 -5 -3 -4    7   0   2   1  36   1   0   1   3   1   1   0   0   1   0  44   1   0   1   0  1.25 1.15
   65 V   -2 -5 -2 -5 -3 -4 -4 -5 -5  1 -2 -4 -2 -2 -5  0  2 -5 -4  6    2   0   2   0   0   0   0   0   0   5   0   0   0   2   0   6  13   0   0  71  1.08 1.09
   66 I   -3 -5 -6 -6  0 -5 -5 -6 -6  5  2 -5  1 -3 -5 -5 -3 -5 -4  5    0   0   0   0   2   0   0   0   0  37  18   0   2   0   0   0   0   0   0  41  1.10 1.09
   67 H   -4 -3 -2 -3 -6 -2 -2 -4 11 -6 -5 -3 -4 -4 -5 -3 -4 -5  0 -6    0   0   0   0   0   0   0   0 100   0   0   0   0   0   0   0   0   0   0   0  2.74 1.04
   68 C   -2 -6 -5 -6 11 -5 -6 -5 -5 -2 -3 -5 -3 -4 -5 -3 -3 -5 -4  2    0   0   0   0  84   0   0   0   0   0   0   0   0   0   0   0   0   0   0  16  2.43 0.90
   69 H   -3 -2  0 -3 -5  4 -1 -4  9 -5 -3 -2 -3 -3 -4 -2 -3 -4  1 -5    0   0   2   0   0  20   0   0  74   0   2   0   0   0   0   0   0   0   2   0  1.68 0.68
   70 R   -2  6 -1 -2 -4  1  0 -3 -1 -4 -3  2 -2 -3 -3 -1 -1 -3 -2 -3    0 100   0   0   0   0   0   0   0   0   0   0   0   0   0   0   0   0   0   0  0.91 0.09

                      K         Lambda
Standard Ungapped    0.1355     0.3194
Standard Gapped      0.0410     0.2670
PSI Ungapped         0.1814     0.3176
PSI Gapped           0.0555     0.2670
