
Last position-specific scoring matrix computed, weighted observed percentages rounded down, information per position, and relative weight of gapless real matches to pseudocounts
           A  R  N  D  C  Q  E  G  H  I  L  K  M  F  P  S  T  W  Y  V   A   R   N   D   C   Q   E   G   H   I   L   K   M   F   P   S   T   W   Y   V
    1 T    0 -1  0 -1 -1 -1 -1 -2 -2 -1 -1 -1 -1 -2 -1  1  4 -2 -2  0    0   0   0   0   0   0   0   0   0   0   0   0   0   0   0   0   0   0   0   0  0.00    0.00
    2 Y   -2 -2 -2 -3 -2 -1 -2 -3  2 -1 -1 -2 -1  3 -3 -2 -2  2  7 -1    0   0   0   0   0   0   0   0   0   0   0   0   0   0   0   0   0   0   0   0  0.00    0.00
    3 E   -1  0  0  0 -4  5  4 -2  0 -3 -3  1 -1 -4 -1  0 -1 -3 -2 -3    0   0   0   0   0  61  39   0   0   0   0   0   0   0   0   0   0   0   0   0  0.66 0.05
    4 L   -1 -3 -3 -4 -1 -3 -3 -4 -3  2  3 -3  1  0 -3 -2 -1 -3 -1  4    0   0   0   0   0   0   0   0   0   0  39   0   0   0   0   0   0   0   0  61  0.37 0.05
    5 H   -2 -1  5  0 -3  0  0 -1  6 -4 -4 -1 -2 -3 -2  0 -1 -3  0 -3    0   0  61   0   0   0   0   0  39   0   0   0   0   0   0   0   0   0   0   0  0.67 0.05
    6 V   -1 -3 -3 -4 -1 -3 -3 -4 -4  4  1 -3  1 -1 -3 -2 -1 -3 -2  3    0   0   0   0   0   0   0   0   0  61   0   0   0   0   0   0   0   0   0  39  0.43 0.05
    7 Q   -2  0  1  5 -4  4  2 -2 -1 -3 -3  0 -2 -4 -2  0 -1 -4 -3 -3    0   0   0  61   0  39   0   0   0   0   0   0   0   0   0   0   0   0   0   0  0.69 0.05
    8 V   -1 -2  0  5 -2 -1  0 -2 -2  0 -1 -1 -1 -2 -2 -1 -1 -4 -3  2    0   0   0  61   0   0   0   0   0   0   0   0   0   0   0   0   0   0   0  39  0.44 0.05
    9 E   -2  0  5  1 -3  1  3 -1  0 -4 -4  0 -2 -3 -2  0 -1 -4 -2 -3    0   0  61   0   0   0  39   0   0   0   0   0   0   0   0   0   0   0   0   0  0.62 0.05
   10 G    0 -3 -1 -2 -3 -2 -2  6 -2 -4 -4 -2 -3 -4 -2  0 -2 -3 -3 -4    0   0   0   0   0   0   0 100   0   0   0   0   0   0   0   0   0   0   0   0  1.13 0.06
   11 R   -1  4  0 -1 -4  1  0 -2 -1 -3 -3  5 -2 -3 -2 -1 -1 -3 -2 -3    0  32   0   0   0   0   0   0   0   0   0  68   0   0   0   0   0   0   0   0  0.60 0.06
   12 G   -1 -1  4  0 -2 -1 -1  3 -1 -3 -3 -1 -2 -3 -2  0  2 -3 -3 -2    0   0  45   0   0   0   0  32   0   0   0   0   0   0   0   0  23   0   0   0  0.49 0.06
   13 I   -2 -3 -3 -4 -2 -3 -4 -4 -2  2  1 -3  0  6 -4 -3 -2  0  2  1    0   0   0   0   0   0   0   0   0  32   0   0   0  68   0   0   0   0   0   0  0.57 0.06
   14 I   -2 -2  0  5 -3 -1  1 -2 -2  2 -1 -1 -1 -2 -2 -1 -1 -4 -3  0    0   0   0  68   0   0   0   0   0  32   0   0   0   0   0   0   0   0   0   0  0.52 0.06
   15 K   -2  0 -2 -2 -3  0 -1 -3  1 -2 -2  2 -1  2 -3 -1 -2  1  6 -2    0   0   0   0   0   0   0   0   0   0   0  32   0   0   0   0   0   0  68   0  0.59 0.06
   16 T    0 -1  0 -1 -1 -1 -1 -2 -2 -1 -1 -1 -1 -2 -1  1  5 -3 -2  0    0   0   0   0   0   0   0   0   0   0   0   0   0   0   0   0 100   0   0   0  0.57 0.06
   17 T   -1 -2 -2 -3 -2 -1 -2 -3  1 -1 -1 -2 -1  2 -3 -1  2  1  6 -1    0   0   0   0   0   0   0   0   0   0   0   0   0   0   0   0  32   0  68   0  0.60 0.06
   18 R   -1  3  0 -1 -2  0 -1 -2 -1 -2 -2  0 -1 -3 -2  1  4 -3 -2 -1    0  32   0   0   0   0   0   0   0   0   0   0   0   0   0   0  68   0   0   0  0.43 0.06
   19 F   -1 -3 -3 -4 -1 -3 -3 -4 -3  2  1 -3  0  4 -3 -2 -1 -1  1  4    0   0   0   0   0   0   0   0   0   0   0   0   0  32   0   0   0   0   0  68  0.37 0.06
   20 T    0 -1  0 -1 -1 -1 -1 -2 -2 -1 -1 -1 -1 -2 -1  1  5 -3 -2  0    0   0   0   0   0   0   0   0   0   0   0   0   0   0   0   0 100   0   0   0  0.57 0.06
   21 S    0 -1  0 -1 -1 -1 -1 -1 -2 -1 -2 -1 -1 -3 -1  3  5 -3 -2 -1    0   0   0   0   0   0   0   0   0   0   0   0   0   0   0  32  68   0   0   0  0.47 0.06
   22 S    0 -1  0  1 -3  1  5 -2 -1 -3 -3  0 -2 -3 -1  2  0 -3 -2 -3    0   0   0   0   0   0  68   0   0   0   0   0   0   0   0  32   0   0   0   0  0.57 0.06
   23 E    0 -1  0  0 -2  1  4 -1 -1 -3 -3  0 -2 -3 -1  3  0 -3 -2 -2    0   0   0   0   0   0  44   0   0   0   0   0   0   0   0  56   0   0   0   0  0.48 0.07
   24 E   -1  0 -1  1 -4  2  6 -2  0 -4 -3  1 -2 -4 -1  0 -1 -3 -2 -3    0   0   0   0   0   0 100   0   0   0   0   0   0   0   0   0   0   0   0   0  0.84 0.07
   25 V   -1 -3 -4 -4 -1 -3 -3 -4 -3  2  4 -3  2  0 -3 -3 -1 -2 -1  2    0   0   0   0   0   0   0   0   0   0  78   0   0   0   0   0   0   0   0  22  0.46 0.07
   26 K   -1  1  0 -1 -3  5  1 -2  0 -3 -3  4 -1 -4 -1  0 -1 -3 -2 -3    0   0   0   0   0  56   0   0   0   0   0  44   0   0   0   0   0   0   0   0  0.59 0.07
   27 E   -1  1  0  0 -4  1  4 -2 -1 -3 -3  4 -2 -4 -1  0 -1 -3 -2 -3    0   0   0   0   0   0  44   0   0   0   0  56   0   0   0   0   0   0   0   0  0.57 0.07
   28 Q   -1  0 -2 -2 -2  2  0 -3 -2  1  0  2  0 -2 -2 -1 -1 -3 -2  3    0   0   0   0   0  22   0   0   0   0   0  23   0   0   0   0   0   0   0  56  0.22 0.07
   29 L   -2 -3 -4 -4 -2 -3 -3 -4 -3  1  5 -3  2  0 -3 -3 -2 -2 -1  1    0   0   0   0   0   0   0   0   0   0 100   0   0   0   0   0   0   0   0   0  0.56 0.07
   30 K   -1  1  5  0 -3  0  0 -1  0 -3 -3  3 -2 -3 -2  0 -1 -4 -2 -3    0   0  56   0   0   0   0   0   0   0   0  44   0   0   0   0   0   0   0   0  0.55 0.07
   31 R   -1  3 -1  0 -4  1  4 -2 -1 -3 -3  3 -2 -4 -2 -1 -1 -3 -2 -3    0  22   0   0   0   0  56   0   0   0   0  23   0   0   0   0   0   0   0   0  0.58 0.07
   32 E   -1 -1 -2 -1 -2  0  3 -3 -2  0  3 -1  1 -1 -2 -2 -1 -2 -2  0    0   0   0   0   0   0  44   0   0   0  56   0   0   0   0   0   0   0   0   0  0.32 0.07
   33 R   -1  4 -1 -2 -3  0 -1 -3 -1 -1  0  2  4 -2 -2 -1 -1 -3 -2 -1    0  44   0   0   0   0   0   0   0   0   0  19  37   0   0   0   0   0   0   0  0.39 0.07
   34 D   -2 -2  1  7 -4 -1  1 -2 -1 -4 -4 -1 -4 -4 -2  0 -1 -5 -4 -4    0   0   0 100   0   0   0   0   0   0   0   0   0   0   0   0   0   0   0   0  1.06 0.07
   35 S   -1 -2 -2 -2 -2 -1 -2 -2  1 -2 -2 -2 -2  1  4  1 -1  1  6 -2    0   0   0   0   0   0   0   0   0   0   0   0   0   0  23  22   0   0  56   0  0.63 0.07
   36 F   -2 -3 -4 -4 -2 -3 -4 -4 -3  4  1 -3  1  3 -3 -3 -1 -2  0  2    0   0   0   0   0   0   0   0   0  78   0   0   0  22   0   0   0   0   0   0  0.43 0.07
   37 L   -1  1 -1 -1 -3  1  0 -2 -1 -1  1  5  0 -2 -2 -1 -1 -3 -2 -2    0   0   0   0   0   0   0   0   0   0  22  78   0   0   0   0   0   0   0   0  0.39 0.07
   38 K   -1  2  0 -1 -3  1  1 -2 -1 -3 -3  5 -2 -4 -1  0 -1 -3 -2 -3    0   0   0   0   0   0   0   0   0   0   0 100   0   0   0   0   0   0   0   0  0.63 0.07
   39 M   -1  0 -1 -2 -2  5  0 -3 -1  0  1  0  3 -1 -2 -1 -1 -2 -2 -1    0   0   0   0   0  56   0   0   0   0  23   0  22   0   0   0   0   0   0   0  0.35 0.07
   40 G    0 -3 -1 -2 -3 -2 -2  6 -2 -4 -4 -2 -3 -4 -3 -1 -2 -3 -3 -4    0   0   0   0   0   0   0 100   0   0   0   0   0   0   0   0   0   0   0   0  1.15 0.07
   41 S    3 -2 -2 -2  7 -2 -2 -1 -2 -2 -2 -2 -2 -3 -2  2  0 -3 -2 -1   37   0   0   0  42   0   0   0   0   0   0   0   0   0   0  22   0   0   0   0  0.56 0.07
   42 S    0  2  0 -1 -3  1  0 -2 -1 -3 -3  5 -2 -3 -1  2  0 -3 -2 -2    0   0   0   0   0   0   0   0   0   0   0  78   0   0   0  22   0   0   0   0  0.49 0.07
   43 R   -2  6 -1 -2 -4  1  0 -3  0 -3 -2  2 -2 -3 -2 -1 -1 -3 -2 -3    0 100   0   0   0   0   0   0   0   0   0   0   0   0   0   0   0   0   0   0  0.84 0.05
   44 V    0 -2 -2 -3 -1 -2 -2 -3 -3  2  0 -2  0 -1 -2  1  0 -3 -2  4    0   0   0   0   0   0   0   0   0   0   0   0   0   0   0  17   0   0   0  83  0.29 0.05
   45 R   -2  6 -1 -2 -4  1  0 -3  0 -3 -2  2 -2 -3 -2 -1 -1 -3 -2 -3    0 100   0   0   0   0   0   0   0   0   0   0   0   0   0   0   0   0   0   0  0.84 0.05
   46 I   -1 -3 -3 -3 -1 -3 -3 -4 -3  4  1 -3  1 -1 -3 -2  1 -3 -2  2    0   0   0   0   0   0   0   0   0  83   0   0   0   0   0   0  17   0   0   0  0.35 0.05
   47 S    1 -1  0  0 -1  0  0  0 -1 -3 -3  0 -2 -3 -1  5  1 -3 -2 -2    0   0   0   0   0   0   0   0   0   0   0   0   0   0   0 100   0   0   0   0  0.52 0.05
   48 I   -2 -3 -4 -4 -1 -3 -4 -4 -4  5  1 -3  1  0 -3 -3 -1 -3 -2  3    0   0   0   0   0   0   0   0   0 100   0   0   0   0   0   0   0   0   0   0  0.47 0.05
   49 T    0  2  0 -1 -1  0 -1 -2 -2 -1 -2  0 -1 -3 -2  1  5 -3 -2 -1    0  20   0   0   0   0   0   0   0   0   0   0   0   0   0   0  80   0   0   0  0.44 0.05
   50 A    4 -2 -2 -2 -1 -1 -1  0 -2  0 -1 -1 -1 -2 -1  1  0 -3 -2  1   80   0   0   0   0   0   0   0   0   0   0   0   0   0   0   0   0   0   0  20  0.34 0.05
   51 R   -2  6 -1 -2 -4  1  0 -2 -1 -3 -3  3 -2 -3 -2 -1 -1 -3 -2 -3    0  80   0   0   0   0   0   0   0   0   0  20   0   0   0   0   0   0   0   0  0.73 0.05
   52 T    0 -1  0  0 -1  0  2 -2 -1 -2 -2  0 -1 -3 -1  2  4 -3 -2 -1    0   0   0   0   0   0  20   0   0   0   0   0   0   0   0  20  60   0   0   0  0.39 0.05
   53 K    0  2  0 -1 -3  1  1 -1 -1 -3 -3  5 -2 -3 -1  1  0 -3 -2 -2    0   0   0   0   0   0   0   0   0   0   0  80   0   0   0  20   0   0   0   0  0.47 0.05
   54 K   -1  2  0 -1 -3  1  1 -2 -1 -3 -3  5 -2 -3 -1  0 -1 -3 -2 -3    0   0   0   0   0   0   0   0   0   0   0 100   0   0   0   0   0   0   0   0  0.60 0.05
   55 E   -1  0  0  1 -4  2  6 -2  0 -4 -3  1 -2 -4 -1  0 -1 -3 -2 -3    0   0   0   0   0   0 100   0   0   0   0   0   0   0   0   0   0   0   0   0  0.81 0.05
   56 A    5 -2 -2 -2 -1 -1 -1  0 -2 -2 -2 -1 -1 -3 -1  1  0 -3 -2  0  100   0   0   0   0   0   0   0   0   0   0   0   0   0   0   0   0   0   0   0  0.47 0.05
   57 E   -1  0 -1  1 -4  1  4 -2  0 -3 -3  2 -2 -1 -2 -1 -1 -1  3 -2    0   0   0   0   0   0  60   0   0   0   0  20   0   0   0   0   0   0  20   0  0.47 0.05
   58 K   -1  2  0 -1 -3  1  1 -2 -1 -3 -3  5 -2 -3 -1  0 -1 -3 -2 -3    0   0   0   0   0   0   0   0   0   0   0 100   0   0   0   0   0   0   0   0  0.60 0.05
   59 F   -3 -3 -3 -4 -3 -4 -4 -3 -1  0  0 -3  0  7 -4 -3 -2  1  3 -1    0   0   0   0   0   0   0   0   0   0   0   0   0 100   0   0   0   0   0   0  0.85 0.05
   60 A    4 -2 -2 -2 -1 -1 -1  0 -2 -1  1 -1  0 -2 -1  1  0 -3 -2  0   80   0   0   0   0   0   0   0   0   0  20   0   0   0   0   0   0   0   0   0  0.32 0.05
   61 A    5 -2 -2 -2 -1 -1 -1  0 -2 -2 -2 -1 -1 -3 -1  1  0 -3 -2  0  100   0   0   0   0   0   0   0   0   0   0   0   0   0   0   0   0   0   0   0  0.47 0.05
   62 I   -2 -3 -4 -4 -1 -3 -4 -4 -4  5  1 -3  1  0 -3 -3 -1 -3 -2  3    0   0   0   0   0   0   0   0   0 100   0   0   0   0   0   0   0   0   0   0  0.47 0.05
   63 L   -2 -2 -4 -4 -2 -2 -3 -4 -3  1  4 -3  2  0 -3 -3 -1 -2 -1  1    0   0   0   0   0   0   0   0   0   0 100   0   0   0   0   0   0   0   0   0  0.53 0.05
   64 I    1 -2  2 -2 -2 -2 -2 -2 -2  3  0 -2  0 -1 -2 -1 -1 -3 -2  2   20   0  20   0   0   0   0   0   0  60   0   0   0   0   0   0   0   0   0   0  0.18 0.05
   65 K   -1  2  0 -1 -3  1  1 -2 -1 -3 -3  5 -2 -3 -1  0 -1 -3 -2 -3    0   0   0   0   0   0   0   0   0   0   0 100   0   0   0   0   0   0   0   0  0.60 0.05
   66 V    0 -3 -3 -4 -1 -3 -3 -4 -4  3  1 -3  1 -1 -3 -2  0 -3 -1  5    0   0   0   0   0   0   0   0   0   0   0   0   0   0   0   0   0   0   0 100  0.43 0.05
   67 F   -2 -3 -3 -4 -3 -3 -3 -3 -1 -1  0 -3  0  6 -4 -3 -2  1  4 -1    0   0   0   0   0   0   0   0   0   0   0   0   0  83   0   0   0   0  17   0  0.79 0.05
   68 A    5 -2 -2 -2 -1 -1 -1  0 -2 -2 -2 -1 -1 -3 -1  1  0 -3 -2  0  100   0   0   0   0   0   0   0   0   0   0   0   0   0   0   0   0   0   0   0  0.47 0.05
   69 E   -1  0  0  1 -4  2  6 -2  0 -4 -3  1 -2 -4 -1  0 -1 -3 -2 -3    0   0   0   0   0   0 100   0   0   0   0   0   0   0   0   0   0   0   0   0  0.81 0.05
   70 L   -2 -2 -4 -4 -2 -2 -3 -4 -3  1  4 -3  2  0 -3 -3 -1 -2 -1  1    0   0   0   0   0   0   0   0   0   0 100   0   0   0   0   0   0   0   0   0  0.53 0.05
   71 G    0 -3 -1 -2 -3 -2 -2  6 -2 -4 -4 -2 -3 -3 -2  0 -2 -3 -3 -4    0   0   0   0   0   0   0 100   0   0   0   0   0   0   0   0   0   0   0   0  1.12 0.05
   72 Y   -2 -2 -2 -3 -3 -2 -2 -3  2 -2 -1 -2 -1  3 -3 -2 -2  2  7 -1    0   0   0   0   0   0   0   0   0   0   0   0   0   0   0   0   0   0 100   0  0.97 0.05
   73 N   -2 -1  6  1 -3  0  0 -1  0 -4 -4  0 -2 -3 -2  0  0 -4 -2 -3    0   0 100   0   0   0   0   0   0   0   0   0   0   0   0   0   0   0   0   0  0.82 0.05
   74 D   -2 -2  1  6 -4  0  1 -2 -1 -4 -4 -1 -3 -4 -2  0 -1 -5 -3 -4    0   0   0 100   0   0   0   0   0   0   0   0   0   0   0   0   0   0   0   0  1.02 0.05
   75 I   -1 -3 -2 -3 -1 -2 -3 -3 -3  4  1 -2  1 -1 -3  1  0 -3 -2  2    0   0   0   0   0   0   0   0   0  80   0   0   0   0   0  20   0   0   0   0  0.29 0.05
   76 N   -2 -1  6  1 -3  0  0 -1  0 -4 -4  0 -2 -3 -2  0  0 -4 -2 -3    0   0 100   0   0   0   0   0   0   0   0   0   0   0   0   0   0   0   0   0  0.82 0.05
   77 V    0 -3 -3 -4 -1 -3 -3 -4 -4  3  1 -3  1 -1 -3 -2  0 -3 -1  5    0   0   0   0   0   0   0   0   0   0   0   0   0   0   0   0   0   0   0 100  0.43 0.05
   78 T    0  2  0 -1 -1  0 -1 -2 -2 -1 -2  0 -1 -3 -2  1  5 -3 -2 -1    0  20   0   0   0   0   0   0   0   0   0   0   0   0   0   0  80   0   0   0  0.44 0.05
   79 F   -3 -3 -4 -4 -3 -3 -3 -3 -2 -1 -1 -3 -1  5 -4 -3 -3  9  3 -2    0   0   0   0   0   0   0   0   0   0   0   0   0  48   0   0   0  52   0   0  1.34 0.05
   80 D   -2  2  1  6 -4  0  1 -2 -1 -3 -4  0 -3 -4 -2 -1 -1 -4 -3 -3    0  20   0  80   0   0   0   0   0   0   0   0   0   0   0   0   0   0   0   0  0.78 0.05
   81 G    0 -3 -1 -2 -3 -2 -2  6 -2 -4 -4 -2 -3 -3 -2  0 -2 -3 -3 -4    0   0   0   0   0   0   0 100   0   0   0   0   0   0   0   0   0   0   0   0  1.12 0.05
   82 D   -2 -2  1  6 -4  0  1 -2 -1 -4 -4 -1 -3 -4 -2  0 -1 -5 -3 -4    0   0   0 100   0   0   0   0   0   0   0   0   0   0   0   0   0   0   0   0  1.02 0.05
   83 T    0 -1  0 -1 -1 -1 -1 -2 -2 -1 -1 -1 -1 -2 -1  1  5 -3 -2  0    0   0   0   0   0   0   0   0   0   0   0   0   0   0   0   0 100   0   0   0  0.51 0.03
   84 V    0 -3 -3 -3 -1 -2 -3 -3 -3  3  1 -3  1 -1 -3 -2  0 -3 -1  4    0   0   0   0   0   0   0   0   0   0   0   0   0   0   0   0   0   0   0 100  0.38 0.03
   85 T    0 -1  0 -1 -1 -1 -1 -2 -2 -1 -1 -1 -1 -2 -1  1  5 -3 -2  0    0   0   0   0   0   0   0   0   0   0   0   0   0   0   0   0 100   0   0   0  0.51 0.03
   86 V    0 -3 -3 -3 -1 -2 -3 -3 -3  3  1 -3  1 -1 -3 -2  0 -3 -1  4    0   0   0   0   0   0   0   0   0   0   0   0   0   0   0   0   0   0   0 100  0.38 0.03
   87 E   -1  0  0  2 -4  2  5 -2  0 -4 -3  1 -2 -4 -1  0 -1 -3 -2 -3    0   0   0   0   0   0 100   0   0   0   0   0   0   0   0   0   0   0   0   0  0.77 0.03
   88 G    0 -3 -1 -1 -3 -2 -2  6 -2 -4 -4 -2 -3 -3 -2  0 -2 -3 -3 -3    0   0   0   0   0   0   0 100   0   0   0   0   0   0   0   0   0   0   0   0  1.08 0.03
   89 Q   -1  1  0  0 -3  6  2 -2  0 -3 -2  1 -1 -3 -1  0 -1 -2 -2 -2    0   0   0   0   0 100   0   0   0   0   0   0   0   0   0   0   0   0   0   0  0.69 0.03
   90 L   -2 -2 -4 -4 -1 -2 -3 -4 -3  2  4 -3  2  0 -3 -3 -1 -2 -1  1    0   0   0   0   0   0   0   0   0   0 100   0   0   0   0   0   0   0   0   0  0.49 0.03

                      K         Lambda
Standard Ungapped    0.1323     0.3160
Standard Gapped      0.0410     0.2670
PSI Ungapped         0.1432     0.3169
PSI Gapped           0.0438     0.2670
