
Last position-specific scoring matrix computed, weighted observed percentages rounded down, information per position, and relative weight of gapless real matches to pseudocounts
           A  R  N  D  C  Q  E  G  H  I  L  K  M  F  P  S  T  W  Y  V   A   R   N   D   C   Q   E   G   H   I   L   K   M   F   P   S   T   W   Y   V
    1 F   -5 -5 -6 -6 -5 -5 -6 -6 -4 -2  3 -6 -2  7 -6 -5 -5 -2  4 -3    0   0   0   0   0   0   0   0   0   0  35   0   0  51   0   0   0   0  14   0  1.55 1.38
    2 V   -2 -5 -3 -5 -4 -3 -5 -6 -3  2 -2 -5 -2 -2 -5 -2  5 -5  1  5    1   0   1   0   0   1   0   0   1   9   1   0   1   1   0   1  38   0   5  40  1.07 1.73
    3 A   -1 -5 -3 -5 -3  2 -5 -5 -4 -1  3 -4 -1 -2 -5 -1  2 -6 -4  4    4   0   1   0   0  10   0   0   0   2  28   1   1   1   0   4  12   0   0  35  0.73 1.76
    4 V   -3 -2 -6 -5 -4 -4 -4 -7 -4  6  2 -5  2  0 -6 -5 -2 -3 -3  4    2   2   0   0   0   1   1   0   0  40  18   0   4   4   0   0   2   0   1  24  0.98 1.78
    5 V   -1 -5  5 -3 -1 -4 -3 -3 -4  4 -3 -4 -2 -3 -2 -1  0 -6 -5  3    6   0  34   1   1   0   1   1   0  25   1   0   0   1   2   3   4   0   0  19  0.87 1.78
    6 T   -2 -2  2  2 -4 -2  2 -5 -4  0 -1 -4 -2 -4 -4 -2  3 -6 -4  3    2   2  11  10   0   1  12   0   0   6   7   0   1   0   0   2  20   0   0  24  0.50 1.80
    7 F   -3 -2 -6 -7 -5 -5 -6 -6 -4  0  0 -5 -1  7 -6 -5 -1  3  2  2    1   2   0   0   0   0   0   0   0   4   6   0   1  55   0   0   4   4   7  14  1.39 1.80
    8 P   -2  0 -3  2 -4 -2  3 -3  3 -3 -2 -2 -2  3 -2 -1  4 -5 -1 -3    3   5   1  12   0   1  20   2   6   1   3   2   1  11   2   4  23   0   2   2  0.48 1.78
    9 V   -2 -3 -5 -4 -1 -4 -2 -3 -4  1  0 -3  1  1 -4 -3  3 -5 -4  5    2   1   0   1   1   0   3   2   0   6   6   2   3   6   1   1  18   0   0  48  0.81 1.78
   10 D   -1 -2 -2  4  0 -2  3  0 -2 -4 -3 -2 -1 -3  1 -2  1 -5 -4  1    5   2   2  27   2   1  17   6   1   1   2   1   2   1   8   2  11   0   0   9  0.49 1.61
   11 G    2 -1 -1  1 -2  0  0  3 -2 -2 -2  0 -2 -3 -1  0  1 -3 -3 -2   16   4   3   7   1   4   6  23   1   2   4   7   1   1   3   7   8   0   1   2  0.25 1.29
   12 P    0 -1 -4 -3 -4 -3 -1 -3  0 -4 -5 -3 -5 -5  8 -2 -3 -6 -5 -3    7   3   0   1   0   1   4   2   2   1   1   1   0   1  72   2   1   0   0   1  1.90 1.68
   13 A    1 -1 -2  3 -6  0  5  2 -1 -5 -4 -2 -4 -5 -4 -1 -2 -6 -4 -4   12   4   1  18   0   4  34  16   2   0   1   2   0   0   1   4   1   0   0   1  0.72 1.75
   14 T   -1  4  2  1 -2  2  0 -2  1 -4 -4  2 -2 -5 -4 -1  2 -2 -3 -4    4  22   9   8   1   9   6   3   3   1   2  13   1   0   1   3  12   1   1   1  0.46 1.73
   15 Q    1  0 -3 -3  2  8  0 -3 -1 -4 -3 -2 -2 -4 -3 -3 -3 -5 -4 -3   11   4   0   0   5  64   4   1   1   1   2   0   1   1   1   0   1   0   0   1  1.38 1.75
   16 H    1  4 -2  3 -4  4  2 -3  1 -4 -3 -1 -3 -4 -1 -1 -2 -2 -4 -4   12  21   1  15   0  17  10   2   3   1   2   2   0   1   3   3   2   1   0   1  0.55 1.73
   17 K    3  2 -3  2 -5  1  3 -2 -1 -5 -3  0 -4 -1 -2 -1 -2 -3 -5 -3   30   9   0  13   0   5  21   3   1   0   2   5   0   2   1   3   2   0   0   1  0.53 1.73
   18 L    0 -4 -6 -6 -4 -5 -4 -5 -5  0  5 -5  1  1 -6 -4 -3  6 -3  1    7   0   0   0   0   0   1   0   0   3  58   0   3   6   0   1   1  10   0   8  1.05 1.72
   19 V    1 -4 -5 -5 -2 -4 -4 -6 -3  4  2 -4  2 -1 -5 -3 -1 -5 -3  4   11   1   0   1   1   0   1   0   1  19  19   0   5   2   0   1   3   0   1  34  0.74 1.73
   20 E    1 -1  0  6 -4  0  4 -3 -2 -5 -4  0 -5 -6 -4 -1 -1 -6 -5 -4   12   2   3  39   0   3  23   1   1   0   2   4   0   0   0   5   3   0   0   1  0.87 1.74
   21 L    4 -1 -3 -5 -3 -2  0 -1 -1 -1  2 -3 -1 -2 -4 -1  1  1 -2  0   32   4   1   0   0   2   5   4   2   3  22   1   2   2   0   4   7   2   1   7  0.38 1.75
   22 A   -3 -5 -4 -6 -3 -3 -5 -6 -4  1  4 -5  2  2 -6 -5 -2  5 -3  2    2   0   1   0   0   1   0   0   0   8  48   0   4   8   0   0   2   7   0  16  0.91 1.73
   23 T    2  1 -1 -3 -3  1 -1 -2 -1  1  0  0 -1  1 -4  0  2  0 -2  0   16   9   2   1   0   7   4   2   1   8   8   6   2   6   0   7  11   2   1   7  0.16 1.69
   24 G    1  2 -2  3 -4  1  4 -1 -1 -4 -4  0 -3 -5 -4  0 -1 -3 -3 -3   11  13   1  13   0   6  28   5   1   1   2   6   0   0   0   6   4   0   1   2  0.51 1.71
   25 G    4 -1  0  0 -3  0  0  0  0  0 -2 -3 -1 -2 -3 -1 -1 -5 -2 -1   39   4   4   5   0   5   5   7   2   6   4   1   2   2   1   4   3   0   1   4  0.38 1.65
   26 V    1 -3 -4 -2 -3  1 -3 -3 -3 -1  1 -4  0 -1 -1  0  3  4  2  1   11   1   0   3   0   6   1   2   0   4  15   0   2   2   4   5  21   6   8   9  0.33 1.65
   27 Q    1  1 -1  4 -5  0  5  0 -2 -5 -3 -1 -2 -4 -1 -1 -2 -5 -4 -4   10   8   3  19   0   3  34   6   1   0   3   3   1   1   3   3   2   0   0   1  0.61 1.56
   28 E    0  2  0  1 -3  1  3 -1  0 -3 -4  0 -2 -5 -2  1  1 -3 -1 -3    9  11   4   8   0   6  21   6   2   1   1   5   1   0   2   8   9   0   3   2  0.31 1.56
   29 W    0 -2 -4  0 -2 -3  0 -3  0  0  0 -4 -1  3 -3 -1  0  7 -1  3    9   2   0   6   1   1   5   1   2   4   9   1   1  13   1   5   5  14   2  19  0.46 1.59
   30 I    1 -3 -3 -3 -2 -2 -3 -3 -4  3  0 -1  5  1  2 -3 -1 -4 -3  2   12   1   1   1   1   2   1   1   0  19   6   4  16   5  11   1   3   0   1  15  0.49 1.50
   31 R    0  5 -1 -1  0  1 -1 -1  0 -4 -3  3 -3 -5 -2  2 -1  0 -3 -2    9  28   2   3   2   5   3   4   2   1   2  15   1   0   2  14   3   2   1   3  0.46 1.47
   32 E    0  2 -1  0 -3  1  0  0  5 -4 -2  2 -3 -1  1 -1  2 -1 -2 -4    8   9   2   6   1   6   5   7  14   1   4  11   0   2   6   4  11   1   1   1  0.30 1.51
   33 V   -1  1 -2 -2  0  5 -1 -4  3 -2  0 -1 -1  0 -1 -2 -2 -1  3  0    6   7   1   2   3  27   2   1   6   1   9   2   1   5   4   2   2   1  10   7  0.41 1.48
   34 P   -1 -3 -3  0 -5 -2 -1 -3 -2 -5 -5 -2 -5 -6  8 -2 -2 -6 -4 -4    4   1   1   5   0   2   4   2   1   0   1   1   0   0  72   3   2   0   0   1  1.86 1.49
   35 G   -1 -3 -3 -2 -2 -5 -5  7 -5 -7 -7 -4 -6 -6 -5 -2 -4 -6 -6 -6    3   1   0   1   1   0   0  93   0   0   0   0   0   0   0   1   0   0   0   0  2.07 1.51
   36 F   -3 -4 -4 -6 -1 -5 -5 -1 -2 -3  1 -5 -1  7 -5 -3 -5  5  4 -3    2   1   1   0   1   0   0   5   1   0  14   0   1  50   0   1   0   8  14   0  1.32 1.50
   37 L   -3  1 -5 -6 -3 -2 -4 -5 -3  6  2 -2  0 -3 -5 -4 -3 -5 -3  3    1   9   0   0   0   1   1   1   1  44  15   2   2   1   0   1   1   0   1  20  0.92 1.53
   38 S    1 -2 -2 -1 -1 -2 -3  0 -2 -5 -5 -3 -4 -5 -4  6 -1 -1 -3 -5    9   2   1   3   1   1   1   7   1   0   0   1   0   0   0  71   2   1   1   0  1.17 1.52
   39 A    5 -2 -3 -3 -2 -2 -4 -1  2 -3 -3 -4 -1 -4 -4  1  3 -5 -2 -1   46   2   1   1   1   1   0   5   5   1   2   0   2   1   0  11  16   0   1   5  0.70 1.52
   40 T    0  1  3 -1 -1  3 -2 -1  4 -4 -5  0 -4 -4 -4  2  2 -3 -2 -3    6   9  12   2   1  13   1   5  10   1   0   4   0   1   0  18  15   0   1   1  0.48 1.52
   41 Y   -2 -5 -6 -6 -1 -5 -6 -6 -5  2  4 -5  0  5 -2 -4 -3 -1 -1  2    4   0   0   0   1   0   0   0   0  11  38   0   2  21   2   1   1   1   2  17  0.86 1.52
   42 H   -4 -2 -3 -5 -2  0 -3 -5  9 -1  1 -4 -1  2 -5 -4 -4 -5  1 -3    1   1   0   0   1   3   1   0  63   3  13   0   1   7   0   0   0   0   3   1  1.73 1.52
   43 A    2  4 -3 -5 -2  0 -3 -4 -1  0  1  0  0 -3 -3 -2 -1 -5 -3  2   17  28   1   0   1   4   1   1   1   5  12   6   2   1   1   3   2   0   0  15  0.47 1.52
   44 S    1 -2  2 -2 -2 -2 -3  3 -2 -4 -6 -3 -5 -6 -4  5 -2 -6 -5 -5   11   1   8   2   1   1   1  23   1   1   0   1   0   0   0  48   1   0   0   0  0.91 1.52
   45 T   -1 -1 -3  2 -5 -1  0 -3  0  1  2 -1 -1 -2 -2 -3  2 -5 -3  1    4   3   1  13   0   2   5   2   3   9  23   3   1   1   2   1  15   0   0  10  0.29 1.52
   46 D    1 -3 -1  7 -6 -3  1 -2 -1 -6 -6 -3 -5 -6 -4 -2 -4 -7 -6 -5   12   1   2  74   0   0   6   3   1   0   0   0   0   0   0   1   0   0   0   0  1.62 1.51
   47 G   -2 -1 -2 -2 -5  1 -3  6 -1 -6 -5 -2 -3 -6 -5  0 -4 -5 -5 -6    2   4   2   1   0   7   1  73   1   0   1   1   1   0   0   6   0   0   0   0  1.44 1.51
   48 T   -1  2 -1  0 -2 -1 -1 -2 -1 -3 -3  0 -2 -4  1  2  5 -1 -3 -3    5  13   2   4   1   1   4   2   1   1   2   6   1   1   6  13  34   1   1   1  0.48 1.52
   49 A   -2  6 -2 -4 -2  0 -2 -1  2 -4 -4  1 -2 -1 -5 -1  2 -2 -2 -2    3  49   1   0   1   4   1   4   4   1   1   7   1   3   0   4  12   1   1   3  0.86 1.49
   50 V   -1 -5 -6 -6 -1 -5 -5 -6 -5  3  0 -5  1  1 -5 -4 -2 -4  2  6    4   0   0   0   1   0   0   0   0  12   6   0   3   7   0   0   2   0   6  58  1.06 1.50
   51 V    1 -3 -5 -6  0 -5 -5 -5 -2  2  3 -4  1  0 -5 -3  0 -5 -1  4   13   1   0   0   2   0   0   0   1  13  26   1   3   3   0   1   6   0   2  30  0.64 1.52
   52 N   -2 -2  7 -2 -2 -2 -1 -3  0 -1 -3 -3  0 -5 -4 -1 -1 -6 -3 -1    2   1  66   1   1   1   3   1   2   3   3   0   3   0   0   4   3   0   1   4  1.27 1.53
   53 Y   -5 -5 -4 -6 -1 -1 -4 -6  2  1 -1 -4 -2  2 -6 -5 -4  0  8  0    0   0   1   0   1   2   1   0   4   8   4   0   1   5   0   0   1   1  65   7  1.62 1.53
   54 A    5 -4 -3 -4 -4 -3 -3  0 -5  0 -1 -4 -2 -3 -1  2  0 -6 -5  1   46   0   1   0   0   1   1   6   0   5   4   0   1   1   3  18   4   0   0  10  0.67 1.52
   55 Q   -2  0 -2 -3 -3  7  3 -4  2 -2 -2 -1 -2 -5 -5 -3 -2 -2 -3  1    2   5   1   1   0  48  17   0   6   2   4   2   1   0   0   1   1   1   0   9  0.98 1.54
   56 W   -4 -6 -6 -7 -1 -5 -6 -4 -5 -5 -4 -6 -4  0 -6 -4 -4 12  0 -6    1   0   0   0   1   0   0   1   0   0   0   0   0   3   0   1   1  91   1   0  3.84 1.50
   57 E    0  4 -2  1 -5  2  4 -4 -2 -4 -4  0 -4 -6 -3 -1  2 -6 -5 -1    9  20   1   6   0   9  29   0   1   0   1   4   0   0   1   3  12   0   0   4  0.62 1.48
   58 S   -2  0  0  3 -4 -2 -2 -2 -2 -5 -6 -2 -5 -6 -4  6  1 -6 -5 -5    1   4   4  14   0   1   2   2   1   0   0   2   0   0   0  61   9   0   0   0  1.04 1.50
   59 E    1  4 -2 -1 -5  1  3 -2 -1 -2 -2  1  0 -2  0 -3 -1 -3 -4  0   12  21   1   3   0   5  18   4   1   2   4   8   2   2   5   1   4   0   0   7  0.34 1.51
   60 Q    2 -1 -2  2 -5  2  5 -1 -2 -5 -5 -1 -5 -6 -3 -1 -2 -6 -5 -4   20   3   1  10   0   8  44   4   1   0   0   2   0   0   1   3   2   0   0   1  0.83 1.51
   61 A    4 -3 -2  5 -3 -1 -1 -3  4 -5 -4 -3 -3 -4 -4  0 -2 -6 -4 -4   40   1   1  34   0   2   2   0   9   0   1   0   0   1   0   5   2   0   0   0  0.95 1.51
   62 Y   -2 -4 -5 -5 -1 -4 -4 -2  5 -1  0 -5 -1  6 -6 -3 -4  5  5 -1    3   1   0   0   1   0   1   3  12   4   8   0   1  31   0   1   0   8  21   5  1.02 1.50
   63 R   -2  4 -2  2 -5  4  3 -3  1 -2 -3  1 -2 -4 -4 -2 -2 -2 -3 -3    3  22   1  10   0  19  22   1   3   3   3   7   1   0   0   1   2   1   1   2  0.63 1.47
   64 V    5  1 -2  0 -4 -2  1 -2 -3 -4 -3 -1 -3 -5 -3 -1 -1 -5 -4 -2   59   6   2   5   0   1  11   2   0   0   2   3   0   0   1   2   3   0   0   1  0.82 1.48
   65 N    3 -1 -1 -3 -4 -3 -3 -3 -1 -1 -1 -3  6  2 -4 -1  1  0 -2  0   28   3   3   1   0   1   1   1   1   3   3   1  23  10   0   5   7   1   1   5  0.56 1.44
   66 F   -1 -1 -4 -3 -3 -3 -4 -4 -2  0  3 -4  2  5 -3 -1 -2  1  1  0    5   4   1   2   1   1   1   1   1   4  28   0   5  26   1   5   2   2   5   5  0.57 1.44
   67 G    1  4  0  2 -4  1  1 -2  1 -4 -2 -1  2 -4 -2  0  0 -5 -4 -2   13  25   3  11   0   7   8   3   3   1   3   2   5   1   2   5   5   0   0   2  0.39 1.45
   68 A    3  0  2  0 -2  0  0  0  1 -4 -4  1 -4 -5 -3  1  2 -5 -4 -3   22   4  10   6   1   4   5   7   4   0   1   7   0   0   1  12  13   0   0   1  0.34 1.44
   69 D   -1 -1  1  4 -4  0  2 -1 -1 -3 -2 -1 -2 -3  3  0 -2 -4 -3 -3    6   3   5  26   0   3  12   4   2   1   5   3   1   1  16   7   2   0   1   1  0.46 1.37
   70 P    0 -2 -3 -1 -3  1  0  2 -2 -4 -4 -2 -2 -4  6 -1  0 -4 -4 -3    9   2   1   3   1   6   7  16   1   1   2   1   1   1  38   4   5   0   0   2  0.79 1.36
   71 R    0  4 -2  1 -3  0  3 -2  0 -3 -3 -1 -2  1 -2 -2 -1 -1 -3 -1    9  28   1   8   0   3  19   4   2   2   2   3   1   5   2   2   3   1   0   5  0.42 1.45
   72 S    2  0  1 -3 -3  0 -2 -2  2 -1 -1 -2  4  2  1  0 -1 -3 -3 -1   16   6   6   1   0   5   2   3   5   4   5   1  13   8   7   7   4   0   1   5  0.24 1.54
   73 A    3  3 -3 -2 -3  3  0  1 -2 -2 -2 -1 -3 -5  2  0 -1 -2 -4 -3   25  15   1   1   1  12   6  10   1   2   3   3   0   0   9   5   3   1   0   2  0.39 1.55
   74 E    2  1 -3  0 -5  0  4 -3  2 -3 -2  0 -3 -1  1 -2 -2 -5 -3 -2   21   6   1   6   0   3  31   2   5   1   3   4   1   3   6   2   2   0   1   3  0.47 1.59
   75 L   -2  1 -3 -4  0 -1 -3 -1  3  2  2 -3  3  3 -4 -3 -2  0  2  0    4   8   1   0   2   3   1   5   8  11  19   1   6  12   1   1   3   1   8   5  0.35 1.61
   76 R    0  4  1  0 -3  3 -1 -1 -2 -2 -1 -1  3  0 -4 -2 -1  3 -3 -2    8  22   8   5   1  12   4   4   1   2   5   3   9   5   0   2   3   5   1   3  0.36 1.59
   77 E    2  4 -2  0 -5  2  3 -1 -3 -5 -5  2 -4 -6  0 -1 -2 -6 -4 -4   15  20   2   6   0   7  19   5   0   0   1  14   0   0   5   3   1   0   0   1  0.55 1.60
   78 A    3  3 -1 -2 -4  2  0 -3  1  0 -2  1  0 -2 -3 -1 -2 -2 -3 -1   28  17   3   2   0   8   5   1   3   5   3   8   3   2   1   5   2   0   1   4  0.36 1.59
   79 L    0 -3 -3 -3 -1 -1 -4 -4 -2  4  3 -2  1  2 -4 -2 -1 -2 -3  2    8   1   1   2   1   4   1   1   1  21  23   2   4   9   0   2   4   1   0  13  0.44 1.61
   80 S    4  1  0  0 -4  0  0 -1  2 -4 -3 -1 -3 -5  0  0  0 -3 -4 -3   37   7   5   5   0   5   7   5   5   1   2   3   1   0   4   7   6   0   0   1  0.42 1.64
   81 S    3  1 -2  1 -5 -1  2  2  1 -2 -2 -1 -2  0 -3 -1 -1 -5 -3 -3   26   7   1   8   0   2  12  14   3   2   4   3   1   5   1   5   4   0   1   1  0.30 1.61
   82 L   -1 -4 -4 -5 -1 -4 -5 -3 -3  3  4 -5  2  0 -5 -3  0 -2  3  1    6   0   1   0   1   0   0   2   1  16  39   0   5   4   0   1   5   0   9   8  0.63 1.63
   83 P    3 -2 -3 -1  4 -2  2 -2 -4 -4 -4 -1 -2 -5  4  0  0 -5 -5 -2   24   2   1   4   9   1  12   2   0   1   1   3   1   0  24   8   5   0   0   3  0.62 1.60
   84 G    1  1 -2 -1 -3 -2 -2  4 -1 -4 -3  2 -2  0 -2  1  0 -5 -3 -3   10   9   1   3   1   2   3  31   1   1   2  12   1   5   1   9   7   0   1   1  0.43 1.57
   85 L   -2 -1 -2  0 -4 -2  0 -2  0  0  1 -1  0 -2 -2  3  0 -3 -3  3    2   3   2   5   0   1   6   2   2   5  13   4   2   1   2  23   4   0   0  21  0.28 1.57
   86 M    3 -2 -4 -2 -2 -3 -1 -4 -3 -1 -2 -3  1  4  1 -1  0 -4 -1  2   24   3   1   3   1   1   5   0   0   3   2   1   3  19   8   4   5   0   2  15  0.41 1.60
   87 G    2 -2 -1  1 -5  0  3  3  0 -4 -4 -1 -4 -4  1  0 -2 -6 -5 -5   14   2   3   9   0   3  23  23   2   1   1   2   0   1   7   6   3   0   0   0  0.50 1.59
   88 P   -1 -2 -4 -1 -5 -3 -2  1  2 -4 -2 -3  0 -5  7 -1 -1 -5  0 -1    4   2   0   3   0   1   2  10   6   1   5   1   3   0  49   3   4   0   3   4  1.06 1.52
   89 P   -2 -2 -4 -3 -1 -2 -3 -3  2 -2 -2 -3 -1  0  5 -1 -2 -3  5  2    3   2   0   1   2   1   1   2   4   1   3   1   1   3  30   4   2   0  24  14  0.81 1.45
   90 K   -2  2 -2  0 -2 -1  4 -1 -1 -4 -1 -2  4 -4 -5 -1 -2 -2  3 -3    3  11   1   4   1   1  32   5   2   0   6   1  13   0   0   5   2   0  11   1  0.57 1.52
   91 A   -1 -3 -4 -3 -4 -1  0 -4 -2  0 -1 -4  1 -1 -2  0 -1 -3  5  4    4   1   0   1   0   2   6   1   1   4   5   0   3   1   2   7   3   0  22  37  0.64 1.50
   92 V    0  0 -2 -4 -4 -3  0 -1 -1 -1 -2 -2 -2 -3 -3 -3  1 -5 -3  5    7   6   2   0   0   1   7   5   1   2   2   2   0   1   1   0  10   0   1  52  0.68 1.49
   93 F   -3  3 -5 -4 -5 -4 -4 -2 -3 -1  1 -4  0  3 -3 -3 -3 -1  1  4    1  20   0   1   0   0   1   4   1   2  13   0   2  13   1   1   1   1   5  35  0.65 1.50
   94 M    3 -2 -4 -5  6 -4 -4 -4 -1 -4 -2 -3  1  1 -1 -1  0 -3  6 -2   24   2   0   0  17   0   0   0   1   0   3   1   4   4   3   4   6   0  32   1  0.92 1.38
   95 T   -2  4 -3 -4 -4  1 -2 -4 -4 -4 -3 -1 -3 -3 -4  1  6  1 -4 -3    2  25   0   0   0   5   2   0   0   0   1   1   0   1   0   8  52   2   0   1  1.00 1.32
   96 P   -3 -4 -4 -4 -5 -3 -3 -4 -4 -5 -5 -3 -5 -6  9 -3 -3 -6 -5 -5    0   0   0   0   0   0   0   0   0   0   0   0   0   0 100   0   0   0   0   0  2.83 0.92

                      K         Lambda
Standard Ungapped    0.1319     0.3164
Standard Gapped      0.0410     0.2670
PSI Ungapped         0.1743     0.3174
PSI Gapped           0.0533     0.2670
