
Last position-specific scoring matrix computed, weighted observed percentages rounded down, information per position, and relative weight of gapless real matches to pseudocounts
           A  R  N  D  C  Q  E  G  H  I  L  K  M  F  P  S  T  W  Y  V   A   R   N   D   C   Q   E   G   H   I   L   K   M   F   P   S   T   W   Y   V
    1 P   -4 -5 -5 -5 -6 -4 -4 -5 -5 -6 -6 -4 -6 -7  9 -4 -4 -7 -6 -6    0   0   0   0   0   0   0   0   0   0   0   0   0   0 100   0   0   0   0   0  3.13 1.66
    2 T    1 -1 -4 -5 -2 -4 -4 -5 -4  3 -1 -2 -1 -1 -4  1  4 -6 -2  2   12   3   0   0   1   0   0   0   0  18   5   2   1   2   0  11  27   0   1  16  0.56 1.72
    3 I   -4 -6 -7 -7 -4 -6 -6 -7 -7  7  0 -6 -1 -2 -6 -6 -4 -6 -5  4    0   0   0   0   0   0   0   0   0  73   4   0   1   1   0   0   0   0   0  21  1.76 1.74
    4 A    3  1  5 -1 -5 -2 -1  1 -1 -5 -5  0 -4 -5 -5  2 -1 -6 -3 -4   21   9  25   2   0   1   4   9   1   0   0   5   0   0   0  16   3   0   1   1  0.60 1.78
    5 S   -1  3  1  0 -4  2  2 -3 -2 -4 -4  3 -4 -4 -5  3 -1 -6 -4 -3    4  17   7   6   0  10  11   1   0   1   1  14   0   1   0  19   4   0   0   2  0.51 1.79
    6 I   -4 -5 -7 -7 -4 -6 -6 -7 -7  7  1 -6 -2 -2 -6 -5 -3 -3 -3  5    0   1   0   0   0   0   0   0   0  55   8   0   0   2   0   0   1   0   0  32  1.48 1.79
    7 T    0  0  2  1 -5 -2  2 -4 -1  0 -2  1 -2 -4 -5  1  2 -6 -2  1    8   5  10   9   0   1  16   1   1   6   3   7   1   1   0   9  11   0   1   9  0.27 1.81
    8 F   -5 -6 -7 -7 -3 -6 -7 -6 -5  4  0 -6 -1  7 -7 -6 -4  0  2  1    0   0   0   0   0   0   0   0   0  23   8   0   1  53   0   0   1   1   4   7  1.51 1.82
    9 S   -2 -1  1  0 -4  1  5 -5 -2 -2 -4  2 -4 -4 -5  2  1 -6 -3  0    3   2   5   5   0   5  35   0   1   2   1  10   0   0   0  14   8   0   1   6  0.60 1.84
   10 G   -3 -6 -2 -4 -6 -4 -5  7 -5 -7 -7 -4 -6 -7 -5 -3 -4 -6 -6 -5    0   0   1   1   0   0   0  95   0   0   0   1   0   0   0   1   1   0   0   0  2.27 1.83
   11 N   -2 -3  8 -2 -4 -2 -3 -3 -2 -2 -3 -4 -1 -4 -5 -2 -2 -4 -1 -3    3   0  77   1   0   1   0   1   0   3   2   0   2   1   0   1   2   0   2   2  1.73 1.84
   12 K   -3  2  0  1 -4  0  0 -3  2 -4 -4  6 -4 -5 -5  1 -1 -6 -3 -4    1  12   4   7   0   3   6   1   4   1   1  42   0   0   0  11   3   0   1   1  0.78 1.83
   13 S    2  3 -1  0 -5  0  3 -4  0 -1 -2  3 -2 -4 -4  0 -2 -6 -3  0   15  13   2   6   0   4  16   1   2   3   5  17   1   1   0   6   2   0   1   6  0.34 1.83
   14 V   -4 -5 -5 -6 -5 -5 -5 -5 -3  6  2 -5 -1  4 -5 -4 -4 -5  0  2    1   0   0   0   0   0   1   1   1  39  21   1   1  18   0   1   1   0   2  12  1.00 1.83
   15 K   -3 -1  0  3 -6 -1  1 -2 -4 -5 -6  5 -5 -5  1  2  0 -3 -5 -5    1   2   4  14   0   2   7   3   0   0   0  38   0   0   8  15   5   0   0   0  0.77 1.83
   16 D   -2 -2  1  5 -6 -1  2 -3 -3 -4 -5  2 -5 -6 -3  1  2 -7 -3 -5    3   1   5  31   0   2  13   1   0   1   1  14   0   0   1  10  15   0   1   0  0.74 1.85
   17 D   -1 -2  0  5 -6 -1  5 -3 -3 -6 -5  2 -5 -4 -3  0 -3 -7 -4 -5    5   1   3  32   0   1  32   2   0   0   1  13   0   1   1   6   1   0   0   0  0.95 1.84
   18 M    0  0  0  4 -6  3  2 -4 -3 -2 -4  3  0 -4 -3 -3  0 -6 -4 -1    9   4   3  23   0  13  12   1   0   2   1  16   3   1   1   1   5   0   1   5  0.50 1.81
   19 L   -4 -5 -6 -6 -5 -4 -5 -5 -6  3  6 -6  1 -1 -6 -5 -4 -5 -3  0    1   0   0   0   0   1   1   1   0  15  72   0   2   2   0   0   0   0   1   4  1.36 1.81
   20 K   -1  3 -1 -1 -5  2  1 -3 -3 -2  0  4  0 -3 -3 -1  1 -5 -3 -3    6  14   3   3   0   8   8   2   0   2  10  25   3   1   1   4   7   0   1   2  0.39 1.73
   21 Q   -1  0  0  1 -5  2  4 -1 -1 -4 -4  4 -3 -5 -1 -1 -1 -5 -3 -4    6   5   3   8   0   8  22   5   1   1   2  25   1   0   3   4   3   0   1   1  0.51 1.65
   22 N    2 -2  2 -2 -3  0  1  1 -2  1 -1 -1  0 -2 -3  1 -1 -4 -1  2   16   3   9   2   0   3   8  10   1   7   5   4   2   2   1   9   4   0   2  12  0.15 1.55
   23 L   -3 -3 -4 -4 -2 -4 -4 -4 -3  2  5 -3  3  1 -4 -4 -2 -4 -2  2    2   1   1   1   1   1   1   2   1  10  52   1   7   4   1   1   2   0   1  12  0.80 1.59
   24 E   -1  2  0  1 -4  2  1 -2 -2 -3 -4  4 -2 -3 -2  0  1 -4 -3 -3    6  10   4   9   0   9   9   2   1   1   2  27   1   1   2   6   8   0   1   2  0.44 1.65
   25 A    1 -1 -1  1 -3  2  2 -1 -2 -1 -1  1 -1 -3 -2  2  1 -4 -2 -2   11   3   3   7   0   9  12   5   1   4   5   9   2   1   1  14   7   0   2   3  0.18 1.50
   26 S    1 -2  0 -3 -3  1 -2 -3 -2  3 -1  0  1 -1 -3  1  0 -3 -2  2   11   2   5   2   0   8   2   2   1  16   6   5   3   3   1  10   7   0   2  13  0.21 1.45
   27 G   -2 -2  2 -1 -2 -1 -2  5  0 -3 -2  0 -2 -3 -1  1  0 -3 -3 -3    3   2   9   4   1   3   3  39   3   1   5   5   1   1   3   9   5   0   1   2  0.52 1.43
   28 V   -3 -3 -4 -5 -4 -2 -4 -4 -4  4  4 -4  1  1 -4 -3 -3 -1 -2  2    1   2   1   1   0   2   1   1   0  24  40   1   2   6   1   2   1   1   1  10  0.75 1.66
   29 R    2  3 -2 -3 -5  0 -1 -1 -2 -2 -4  4 -3 -2 -4  1  0 -2 -2 -1   15  13   1   1   0   4   3   4   1   2   2  27   1   2   1   9   6   0   1   6  0.43 1.79
   30 V    0 -1 -3 -2 -3  1  3 -4 -4 -2 -3  1 -3 -4  4  0  0 -6 -5  1    7   4   1   2   0   5  23   1   0   3   2  10   1   1  18   6   6   0   0  11  0.46 1.79
   31 G   -1  4 -1 -3 -5 -2 -3  6 -2 -4 -4 -2 -4 -3 -3 -1 -3 -2 -1 -5    4  20   3   1   0   1   2  52   1   1   2   1   0   1   1   4   1   1   3   1  0.98 1.81
   32 E   -1  3  0  1 -5  3  2 -1  0 -4 -4  0 -3 -4 -3  2  0 -5 -3 -3    5  16   5   8   0  12  15   5   2   1   2   5   1   1   1  15   4   0   1   2  0.40 1.80
   33 S   -1 -4 -4 -5 -3 -2 -5 -5 -3  5 -2 -3 -1  0  3 -2  1 -3  0  4    5   1   0   0   0   2   0   1   1  27   3   1   1   4  13   3   7   0   3  26  0.66 1.85
   34 L   -4 -6 -6 -7 -3 -6 -6 -6 -4 -1  3 -6 -1  7 -6 -4 -5  0  6 -1    1   0   0   0   1   0   0   0   0   3  26   0   1  42   0   1   0   1  22   3  1.42 1.85
   35 D   -3 -1  5  5 -6  0 -2 -4 -2 -5 -5  0 -5 -6 -5  2  2 -7 -4 -4    1   3  24  28   0   4   2   0   1   0   1   6   0   0   0  17  11   0   1   1  0.87 1.87
   36 R   -2  4 -1 -1 -6  1  1 -3 -1 -2 -3  1 -1 -2  4 -1 -2 -6 -1 -2    4  22   3   4   0   7   8   2   2   3   3   9   2   2  19   4   2   0   2   3  0.48 1.90
   37 T    2 -2  0 -1 -1  1  0 -2  0 -2 -1  0 -1  0 -2  2  1 -5  0 -1   19   2   5   3   1   7   5   3   3   2   5   5   2   4   2  16   7   0   3   3  0.18 1.89
   38 T    0  0  0 -1 -5  1 -1 -3 -1  0  0  2  1 -1 -2  0  2 -5 -2  0    9   5   5   3   0   6   4   2   1   4  11  15   4   2   2   7  11   0   1   8  0.15 1.88
   39 I    0 -3  1 -4 -4  1  0 -4  3  1 -1  0  3  1 -4  0  0 -4  2  0    7   0   7   0   0   7   7   0   6   7   7   7   6   6   0   7   7   0   6   7  0.14 1.56
   40 A   -1  0  1  2  0  3  3 -3  0 -2 -3 -1 -1 -1 -5 -1  0 -5 -1 -3    5   4   8  13   2  12  18   2   2   2   3   4   2   3   0   5   5   0   2   2  0.26 1.89
   41 D    1  2  2  0 -5  1  2 -2  0 -2 -2  1 -1 -2 -2  0  0 -5  0 -2   11  11   8   4   0   6  12   3   2   2   4   7   2   2   2   7   5   0   3   3  0.11 1.93
   42 I    2 -3 -1  4 -5 -2 -2 -3 -5  2 -1 -3  0  0 -5 -1 -1 -6 -2  1   16   1   3  22   0   1   2   2   0  14   6   2   3   4   0   5   3   0   2   8  0.32 1.92
   43 E    0  1 -3 -2 -2  0  3 -4 -4  1 -1  1  0 -1 -3 -2 -1 -1 -5  2    8   8   1   2   1   5  22   1   0   8   6   8   2   2   1   2   3   1   0  12  0.23 1.94
   44 K    0  1  2  0 -5  4  0 -3  0 -2 -2  2 -1 -2 -5 -1  0 -5 -1 -2    8   7  11   5   0  19   6   2   2   2   4  13   1   2   0   4   5   0   2   3  0.28 1.94
   45 G    1  3  0  0 -5  0  3  0 -1 -3 -3  2 -2 -3 -5 -1  0 -3 -3 -3   12  13   3   4   0   3  22   6   2   2   2  10   1   1   0   5   5   0   1   2  0.28 1.78
   46 L   -4 -6 -6 -5 -4 -5 -6 -7 -6  5  4 -6  1 -1 -6 -5 -4 -5 -4  0    1   0   0   1   0   0   0   0   0  38  45   0   3   1   0   0   0   0   0   5  1.16 1.80
   47 E   -1  3 -2 -3 -5  1  2 -4 -3  0  0  4 -2 -4 -5 -2 -1 -5 -2 -1    6  13   1   1   0   6  12   1   0   5  11  23   1   0   0   2   4   0   1   5  0.34 1.78
   48 D   -1  3  1  3 -6  2  3 -2 -2 -5 -4  1 -3 -5 -5 -1 -1 -6 -4 -5    6  16   5  16   0  10  19   3   1   0   1   7   0   0   0   4   3   0   0   0  0.48 1.78
   49 F    1 -3 -3 -4 -2  4 -2 -4  1  0  2 -1  0  3 -4 -3 -3 -5  0  0   13   1   1   0   1  19   3   1   3   4  17   3   2  14   0   2   1   0   3   6  0.34 1.81
   50 Y   -4 -5 -5 -6 -2 -5 -4 -6 -2 -4 -2 -5 -3  0 -6 -5 -5 -1  9 -4    1   0   0   0   1   0   1   0   0   1   3   0   0   1   0   0   0   0  86   1  2.39 1.81
   51 Y    1  3  0 -2 -5  0  0 -3  2  0 -1  0 -1  0 -5 -1 -2 -3  3  0   10  15   4   3   0   5   6   2   5   5   6   5   1   5   0   5   1   0   9   6  0.15 1.81
   52 S    0  2  2  1 -5  2  2 -1 -1 -4 -4  0 -2 -4 -5  3 -1 -6 -3 -3    8   9  11   6   0   8  11   4   1   1   2   6   1   0   0  19   4   0   1   1  0.29 1.81
   53 V   -2  3  0 -1 -3  3  0 -4  1  0 -3  3 -1 -2 -5  0 -2 -6 -4 -1    3  13   3   3   1  15   7   1   3   6   3  20   2   1   0   6   2   0   0   5  0.34 1.81
   54 G   -2 -4 -1 -5 -6 -5 -5  7 -3 -7 -7 -4 -6 -6 -5 -2 -5 -6 -6 -6    1   1   2   0   0   0   0  85   1   0   0   1   0   0   0   2   0   0   0   0  1.90 1.83
   55 K   -5  5 -3 -5 -4 -2 -4 -6  0 -3 -2  3  0  2 -5 -4 -5 -1  6 -5    0  30   1   0   0   1   0   0   2   1   4  16   2   8   0   0   0   1  27   0  1.01 1.81
   56 Y   -3 -2 -2 -4 -3 -2 -4 -4  1  0 -1 -4 -3  3 -3 -2 -4 -1  8 -2    2   2   2   1   0   2   0   1   3   5   7   0   0  12   1   3   1   1  46   2  1.04 1.83
   57 S    2 -3  4  2 -3  0 -1  2 -1 -5 -1 -2 -4  0 -4  1 -2 -6 -2 -4   15   1  20  12   0   4   3  13   1   0   6   2   0   4   1   9   2   0   1   1  0.35 1.83
   58 A    5 -5 -3 -5 -1 -4 -4 -3 -5 -2 -3 -4 -2 -3 -2  0  0 -6 -5  3   53   0   1   0   1   0   0   1   0   2   1   0   1   1   2   6   6   0   0  20  0.85 1.81
   59 S   -2  2  0  1 -5  2  2 -3  0 -2 -4  2 -3 -5 -5  1  2 -4 -2 -1    2  10   3   6   0   8  13   1   2   2   1  14   0   0   0   9  14   0   2   5  0.31 1.83
   60 V   -3 -6 -6 -6 -4 -6 -6 -7 -6  5 -2 -6 -1 -3 -6 -5 -2 -6 -3  6    1   0   0   0   0   0   0   0   0  36   1   0   1   1   0   0   1   0   1  58  1.54 1.79
   61 K   -3 -2  0  2 -5  0  3 -3 -2 -3 -5  2 -4 -5 -5  0  4 -4 -4  0    2   2   4  12   0   4  22   2   1   2   0  11   0   0   0   7  24   0   0   6  0.56 1.80
   62 A    1 -4 -4 -3 -5 -3 -3 -4 -2  1 -3 -3 -3 -2  5  1  3 -4  2  0   12   0   0   1   0   1   1   1   1   7   1   1   0   1  28   8  21   0   7   7  0.70 1.80
   63 V   -3  2  0  0 -2  1  2 -3 -1  0 -3  3 -3 -3 -4  0  2 -6 -4  0    1   9   4   5   1   6  15   2   2   6   2  17   0   1   0   8  14   0   0   7  0.34 1.81
   64 V   -2 -4 -4 -6 -4 -2 -2 -6 -6  4  0 -2  0 -2 -4 -2  1 -6 -3  5    2   1   1   0   0   2   3   0   0  25   8   2   1   1   1   3   8   0   1  41  0.84 1.81
   65 T   -2 -1 -1 -1 -5 -1  2 -4 -2  3 -3  1 -1 -4 -4 -1  4 -6 -3  1    3   4   3   3   0   3  11   1   1  19   1   8   1   0   0   4  27   0   1  10  0.49 1.82
   66 P   -1  2  1  1 -4  0  1 -4 -1 -2 -4  1 -3 -3  5 -1  0 -6 -1 -3    4   9   6   6   0   4  11   1   1   2   2   7   0   1  30   5   5   0   2   1  0.59 1.83
   67 L   -3  2 -2 -2 -2  0 -2 -4 -4  1  5 -2  0 -2 -4 -2 -2 -5 -3  1    2  10   2   2   1   4   3   1   0   8  48   2   2   1   1   3   3   0   1   7  0.61 1.81
   68 P    0 -3 -1  3 -5 -2  2  0 -4 -4 -5 -1 -4 -6  5  2  1 -6 -6 -4    7   1   2  14   0   1  15   6   0   1   1   4   0   0  25  13   8   0   0   1  0.67 1.81
   69 R   -3  4  4  3 -4  2  2  0  0 -6 -5  0 -5 -5 -2 -2 -2 -6 -3 -4    2  24  18  13   0   9  12   7   2   0   1   5   0   0   2   2   2   0   1   1  0.66 1.80
   70 N   -3 -3  8  1 -6 -2 -2  2 -1 -6 -6 -2 -5 -6 -5 -2 -2 -7 -4 -6    2   1  67   5   0   1   2  15   1   0   0   2   0   0   0   2   1   0   0   0  1.57 1.80
   71 R   -3  7 -2 -2 -2  1  0 -3 -2 -5 -4  0 -3 -5 -5 -1  0 -6 -3 -5    2  61   1   2   1   7   6   2   1   0   1   3   0   0   0   5   5   0   1   0  1.22 1.79
   72 V    0 -4 -5 -6 -4 -5 -5 -5 -6  2 -2 -4 -1 -3 -5 -4 -3 -6 -2  7    8   1   0   0   0   0   0   1   0   9   2   0   1   0   0   1   1   0   1  73  1.39 1.80
   73 D    2  0  3  5 -4 -1  0  0 -3 -3 -5  0 -3 -2 -5  0 -1 -6 -4 -4   15   6  13  32   0   2   6   6   0   1   1   5   0   2   0   6   3   0   0   1  0.59 1.79
   74 L   -4 -6 -7 -7 -4 -6 -6 -7 -6  5  4 -6 -1 -3 -6 -5 -4 -6 -3  4    1   0   0   0   0   0   0   0   0  29  37   0   1   0   0   0   0   0   0  31  1.24 1.80
   75 K   -1  0  2  0 -5 -1  0 -4  0  1 -2  2 -3 -4 -5 -1  3 -6 -3  3    4   4   9   4   0   2   5   1   2   8   3  14   0   0   0   3  16   0   1  22  0.38 1.81
   76 L   -4 -6 -6 -7 -5 -6 -6 -7 -5  4  1 -6 -1  7 -7 -5 -5 -2  2  1    1   0   0   0   0   0   0   0   0  26  10   0   1  49   0   0   0   0   5   7  1.46 1.79
   77 V   -2 -1  2  2 -4  1  3 -3  0 -1 -3  1 -2 -3 -4 -1  2 -6 -4  1    2   3  11  10   0   5  17   1   2   4   2  10   1   1   0   4  15   0   0  10  0.36 1.80
   78 F   -4 -6 -7 -7 -2 -6 -6 -7 -6  7 -1 -6 -1  2 -6 -5 -3 -6 -4  4    0   0   0   0   1   0   0   0   0  62   1   0   1   8   0   0   1   0   0  27  1.56 1.78
   79 Q   -1 -1  3  3 -5 -1  1 -4  0 -2 -5  1 -4 -1 -5  1  2 -6 -2 -1    4   3  16  17   0   3   9   0   2   3   0   9   0   3   0  12  11   0   1   5  0.42 1.78
   80 E   -4 -2 -3 -1 -7 -1  8 -5 -3 -7 -6 -1 -5 -7 -4 -3 -4 -6 -5 -6    0   1   0   1   0   1  95   0   0   0   0   2   0   0   0   0   0   0   0   0  2.15 1.75
   81 G   -3 -6 -2 -4 -6 -5 -5  8 -5 -7 -7 -5 -6 -6 -5 -2 -5 -6 -6 -6    0   0   1   0   0   0   0  97   0   0   0   0   0   0   0   2   0   0   0   0  2.30 1.67
   82 V   -2  0 -4 -1 -6 -2  0 -4 -4 -1 -2  5 -3 -6  5 -3 -2 -6 -5  1    2   3   0   3   0   1   5   1   0   3   5  37   0   0  27   1   2   0   0  10  0.86 1.57
   83 S    3 -4 -3 -4 -3 -3 -3 -3 -4 -4 -5 -3 -4 -5 -4  5  5 -5 -4 -3   20   0   0   0   0   0   0   0   0   0   0   0   0   0   0  41  39   0   0   0  1.11 1.30

                      K         Lambda
Standard Ungapped    0.1314     0.3126
Standard Gapped      0.0410     0.2670
PSI Ungapped         0.1892     0.3172
PSI Gapped           0.0579     0.2670
