
Last position-specific scoring matrix computed, weighted observed percentages rounded down, information per position, and relative weight of gapless real matches to pseudocounts
           A  R  N  D  C  Q  E  G  H  I  L  K  M  F  P  S  T  W  Y  V   A   R   N   D   C   Q   E   G   H   I   L   K   M   F   P   S   T   W   Y   V
    1 N   -4 -4  7  4 -6 -3 -2 -4  4 -6 -6 -3 -5 -6 -5  0 -3 -7 -5 -6    0   0  59  24   0   0   0   0   9   0   0   0   0   0   0   7   0   0   0   0  1.58 1.41
    2 I   -4 -6 -5 -5 -4 -6 -6 -7 -6  6  2 -6  1  3 -6 -5 -3 -5 -2  4    0   0   0   0   0   0   0   0   0  41  15   0   3  14   0   0   1   0   1  24  1.11 1.57
    3 N   -4 -4  5  7 -7 -2 -1 -4 -3 -6 -5 -3 -6 -7 -4 -3 -3 -7 -4 -6    1   0  23  72   0   1   1   0   0   0   1   1   0   0   0   0   0   0   0   0  1.85 1.61
    4 L   -2 -6 -6 -6 -3 -5 -5 -6 -6  5  2 -6  1 -1  0 -5 -3 -5  1  5    3   0   0   0   0   0   1   0   0  27  21   0   3   2   4   0   1   0   4  35  0.91 1.64
    5 D   -3 -2  1  6 -6  0  3 -3 -1 -3 -4  0 -2 -5 -2 -1 -2 -4 -4 -4    2   1   5  50   0   3  17   2   1   2   2   4   1   0   1   3   3   0   0   1  1.00 1.66
    6 E    2  0  0  0 -5  2  4 -2 -2 -5 -4  1 -1 -3 -2  1  0 -6 -4 -3   16   5   5   5   0   7  26   3   1   0   1   9   1   2   2   9   5   0   0   2  0.41 1.65
    7 I   -1 -5 -6 -6 -4 -5 -6 -6 -4  6  2 -5  1 -1 -5 -5 -3 -5 -1  3    4   0   0   0   0   0   0   0   0  51  20   0   2   2   0   0   1   0   2  16  1.14 1.64
    8 L   -3 -5 -6 -7 -5 -4 -5 -7 -6  2  6 -5  1  2 -6 -5 -4 -5 -4  1    1   0   0   0   0   0   1   0   0  11  68   0   3   7   0   0   0   0   0   8  1.21 1.66
    9 A    2  1  4  0 -5  2  1 -1  0 -5 -5  3 -2 -5 -4  1 -1 -6 -4 -5   17   6  17   5   0   9   8   5   2   0   0  16   1   0   1  10   3   0   0   0  0.47 1.67
   10 N   -3 -4  7  4 -6 -1 -2 -3 -2 -5 -7 -3 -5 -6 -5  1 -3 -7 -6 -6    1   0  60  21   0   2   1   0   0   1   0   1   0   0   0  11   1   0   0   0  1.55 1.67
   11 K   -1  0  0  5 -6  1  3 -4 -1 -4 -4  2 -5 -6  2 -1 -2 -7 -5 -4    6   6   4  29   0   5  16   1   2   1   1  14   0   0   9   3   2   0   0   1  0.64 1.68
   12 R   -1  7 -2  0 -6 -1  1 -4 -2 -5 -4  2 -3 -5 -3 -2 -2 -2 -3 -3    6  54   1   6   0   2   8   1   1   0   1  10   0   0   1   2   3   1   1   1  1.04 1.69
   13 L   -2 -3 -4 -4 -5 -1 -2 -6 -3  2  5 -2  1 -1 -6 -4 -2  0  0  0    3   1   1   1   0   3   3   0   0   9  57   3   3   2   0   1   2   1   4   5  0.78 1.67
   14 L   -3  3 -6 -6 -5 -4 -4 -6 -5  0  4 -4  3  3 -5 -4 -3 -4  1  2    1  16   0   0   0   0   1   0   0   4  38   0   6  13   0   1   1   0   4  14  0.76 1.66
   15 V   -2  1  3  1 -6  2  1 -3 -1 -2 -2  4 -1 -5 -5 -1  1 -6 -4 -2    3   8  13   9   0  10   7   1   1   3   4  22   1   0   0   3  11   0   0   3  0.44 1.67
   16 A    1  1  4 -2 -4  3  0 -1 -1 -3 -5  2 -2 -3 -1  2 -2 -3 -2 -4   13   8  17   1   0  12   5   4   1   2   1  10   1   1   4  15   2   0   2   0  0.40 1.66
   17 Y   -2 -4 -2 -5 -5  1 -3 -5  1 -1 -2 -3 -1  2 -5 -3 -3  0  8 -1    3   0   2   0   0   7   1   1   3   3   2   1   1   7   0   1   1   1  61   3  1.49 1.59
   18 V   -2 -4 -4 -5 -1 -4 -3 -4 -1  4  1 -3  2  3 -5 -3 -1 -4  4  3    3   1   1   1   1   1   2   2   1  22  13   1   4  11   0   2   3   0  14  17  0.58 1.57
   19 N   -1  0  4  4 -5  0  0 -1 -1 -4 -4  4 -2 -4 -4 -2 -3 -6 -4 -5    4   4  22  19   0   3   4   5   1   1   2  28   1   1   0   2   1   0   0   0  0.72 1.56
   20 C   -3 -6 -5 -6 12 -5 -6 -5 -6 -4 -4 -6 -4 -5 -5 -4 -4 -5 -5 -4    0   0   0   0  96   0   0   0   0   0   0   0   0   0   0   0   0   0   0   0  3.34 1.53
   21 V   -1 -5 -5 -6 -2 -5 -5 -5 -5  2  4 -5  1  5 -5 -3 -3 -3  1  1    4   0   0   0   1   0   0   1   0   9  38   0   3  26   0   2   1   0   4   8  0.85 1.53
   22 M   -3 -3 -4 -5 -3 -3 -3 -5 -5  1  5 -3  6 -1 -6 -4 -1 -5  0  0    2   1   1   1   1   1   2   1   0   6  47   2  23   2   0   1   3   0   3   6  0.94 1.72
   23 E   -3 -3  2  6 -4 -2  2  2 -2 -6 -6 -1 -6 -4 -5  0 -3 -3 -3 -5    1   1  10  42   0   1  14  15   1   0   0   4   0   1   0   6   1   1   1   1  0.95 1.72
   24 R   -1  3 -1  0 -6  1  3 -3 -3 -1 -3  4 -2 -4 -5 -2  1 -6 -4 -3    5  13   3   5   0   5  20   1   0   4   2  25   1   0   0   2  10   0   0   2  0.54 1.71
   25 G    1 -3 -2 -1 -5 -3 -1  6 -3 -2 -5 -1 -3 -5 -2 -2 -1 -3 -6 -1   13   2   1   3   0   1   3  55   0   2   1   3   1   0   2   3   5   0   0   4  0.90 1.72
   26 K   -2  0  0  0 -6 -2 -1 -2 -2 -4 -5  2 -5 -6  7 -1 -2 -2 -3 -3    2   6   4   5   0   1   4   3   1   1   1  13   0   0  49   4   2   1   1   2  1.10 1.67
   27 C   -2 -3 -6 -7 11 -6 -7 -6 -6 -2 -4 -3 -5 -2 -6 -4 -4 -6 -5 -4    2   2   0   0  89   0   0   0   0   2   0   2   0   2   0   0   0   0   0   0  3.07 1.65
   28 S   -1 -3  1  3 -2 -3 -1 -1 -2 -3 -4 -3 -2 -5  0  2  5 -5 -2 -3    3   1   7  15   1   0   3   4   1   1   1   1   1   0   5  13  41   0   2   1  0.71 1.59
   29 P    1 -1 -2 -2 -5 -1  1 -1 -1 -4 -4  1 -5 -3  6 -1  0 -6 -2 -3   13   3   2   2   0   3  10   6   1   1   2  10   0   1  34   3   6   0   1   2  0.66 1.64
   30 E   -2 -2 -1  4 -6 -1  4 -3 -1 -1 -2 -2  0 -2 -2 -3 -2 -1  0  0    3   2   2  25   0   3  30   2   2   4   4   2   2   2   2   1   2   1   4   8  0.56 1.76
   31 G    2 -4 -2 -2 -1  1 -2  5 -1 -3 -3 -3  1 -1 -3 -1 -3  0  1 -2   19   0   1   2   1   7   3  38   1   2   2   1   3   3   2   5   1   1   5   3  0.57 1.66
   32 K   -1  3  0 -2 -1  2  0 -3  0 -1 -3  5 -1 -2 -3 -1  0 -6 -2 -2    4  14   3   2   1   9   6   2   2   4   3  32   2   2   1   3   5   0   1   2  0.47 1.61
   33 E   -2 -1 -1  1 -5  2  3 -3  0 -2 -1  0  0  3 -2 -1 -1  1  2 -2    4   3   3   7   0  10  18   2   3   2   6   5   2  13   2   4   4   2   7   2  0.27 1.48
   34 L   -1 -5 -5 -6 -4 -5 -5 -1  2  2  3 -5  2  4 -5 -1 -4  4  2  0    5   0   0   0   0   0   0   5   5  12  27   0   6  20   0   5   0   5   5   6  0.59 1.22
   35 K   -1  2  0 -3 -5  1  0 -1  1 -1 -4  5 -3 -5 -4 -1  0 -5 -4 -1    5   8   4   0   0   5   4   4   4   4   0  45   0   0   0   4   6   0   0   4  0.63 1.18
   36 E   -1  0  1  0 -5  1  0 -1  3  0 -1  0  2 -4  1  0  0 -5  1  0    6   6   6   6   0   6   6   6   6   6   6   6   6   0   6   6   6   0   6   6  0.10 1.78
   37 H   -1  0  1  0 -5  1  0 -1  2  0 -1  0  2  1 -5  0  0  4  1  0    6   6   5   6   0   5   6   6   5   6   6   6   5   5   0   6   6   5   5   6  0.13 1.89
   38 L    0 -4 -4 -4 -4  1 -4  0 -3  1  0 -3  3  2 -4  0  1  5  2  1    8   0   0   0   0   8   0   8   0   8   8   0   8   8   0   8   8   8   8   8  0.32 1.23
   39 Q    0  0 -2 -2 -5 -1 -2 -2  0 -1 -2  1  0 -1  6  0 -1 -5 -4 -2    7   5   2   2   0   2   2   4   2   3   4   8   3   3  36   7   3   0   0   3  0.59 1.70
   40 D   -1  0  0  0 -5  1  0 -1  2  0 -1  0  2  1  0 -1  0 -5  1 -1    5   5   5   5   0   5   5   5   5   5   5   5   5   5   5   5   5   0   5   5  0.02 2.01
   41 A    3 -1 -4 -1 -4 -4 -2 -2  1  2  0 -4  1  0 -5 -1 -1  3  2  1   21   3   0   3   0   0   3   3   3   9  10   0   4   4   0   4   4   3   6  11  0.22 1.84
   42 I   -1 -5 -5 -5  1 -5 -5 -5  0  3  4 -5  2  2 -5 -2 -1 -4  0  2    4   0   0   0   3   0   0   0   3  16  33   0   4   8   0   3   4   0   3  12  0.53 1.66
   43 E   -1  0  0  0 -5  1  0 -1  2  0 -1  0  2  1  0 -1  0 -5  1 -1    5   5   5   5   0   5   5   5   5   5   5   5   5   5   5   5   5   0   5   5  0.02 2.01
   44 N   -2  0  2  0  1  0 -1 -1  1 -4 -2 -1  0 -1 -5  0  4 -5 -4 -2    3   5  11   5   3   3   4   6   3   0   3   4   3   3   0   7  28   0   0   3  0.33 1.91
   45 G    1 -1  3  2  0  0  1  1  0 -3 -3  0 -1 -5 -2  0 -2 -6 -1 -2   11   3  12  12   2   3   9  12   2   2   3   6   2   0   2   7   2   0   2   2  0.18 1.96
   46 C   -3 -5 -5 -5 11 -5 -5 -5 -5 -4 -1 -5 -4 -4 -5 -4 -4 -4  1 -3    1   0   0   0  75   0   0   0   0   0   6   0   0   0   0   0   0   0   5   0  2.36 1.53
   47 K    2  1 -1 -1 -4 -1  1  1  1 -3 -3  1 -1 -4  0  1 -1 -5 -2 -2   16   9   3   3   0   3   8  11   3   2   3   8   1   0   5  11   3   0   1   3  0.12 1.64
   48 K   -2  2  0 -1 -2  1 -1 -2 -1 -3 -3  6 -2 -3 -3 -1 -2 -1 -2 -3    3  11   4   3   1   5   2   3   1   1   2  43   1   1   1   3   2   1   2   1  0.60 1.64
   49 C   -3 -5 -4 -5 11 -5 -5 -4 -5 -3 -3 -5 -4 -1 -4 -3 -3 -4 -4 -1    1   1   0   1  76   0   1   1   0   1   1   1   0   3   1   1   1   0   0   4  2.35 1.45
   50 T    0  1  1  1 -4  1  1  0  3 -4 -1  1 -4 -5  1  0  0 -5 -4 -4    7   7   7   7   0   7   7   7   7   0   7   7   0   0   7   7   7   0   0   0  0.14 1.45
   51 E    0 -1 -1  1  1  0  3 -2  1 -2 -2  0  0 -5  3 -1  0 -5 -5 -2    7   3   3   7   3   4  16   3   3   3   3   5   3   0  16   5   5   0   0   3  0.23 1.70
   52 N   -1  1  1 -2  1  2  2 -3  0 -2 -3  3  1 -2 -2 -2 -1  0  0 -1    6   6   6   2   3   8  11   2   2   3   2  20   3   2   2   3   4   2   3   5  0.18 1.88
   53 Q   -3 -1 -2 -1 -5  7  1 -5  2 -1 -3 -1  0 -2 -4 -3 -2 -5 -2 -3    2   3   2   3   0  52   9   0   4   4   2   2   2   2   0   0   2   0   2   2  1.00 1.83
   54 E   -1  3 -2 -3 -5  0 -2 -3  0 -1 -3  6  0 -3 -5 -2  0 -5 -2 -3    5  14   1   1   0   4   2   1   2   4   2  44   3   1   0   3   5   0   1   2  0.69 1.87
   55 K   -1  0  0  0  2  0  0 -1  2  0 -1  0  2  1  0 -1  0 -5  1 -1    5   5   5   5   5   5   5   5   5   5   5   5   5   5   5   5   5   0   5   5  0.02 2.12
   56 G    0 -1  1 -1  1  0 -2  2  1  0 -1 -1  2 -1 -5 -1  0  2  0 -1    7   3   7   3   2   5   3  17   3   6   7   4   5   3   0   4   5   3   3   5  0.08 2.12
   57 A    2 -5 -1 -5 -4 -1 -4 -1 -4  2 -1 -4  3  1 -5  1  1  2  0  1   19   0   3   0   0   2   0   4   0   9   6   0   6   6   0  11   9   3   3  10  0.26 1.89
   58 Y   -2  3  1  1 -1  0  2 -2  0 -2 -2  2  0 -2 -2 -2 -2  0 -1 -2    4  14   6   9   1   4  14   4   2   2   4  14   3   2   2   2   3   1   2   3  0.19 1.98
   59 R   -1  1 -1 -1 -6  1  1 -2  1  0 -2  4  1 -1 -5 -2  0 -5  1 -1    5   8   3   3   0   5   9   3   3   5   4  26   3   3   0   3   5   0   5   4  0.29 1.78
   60 V   -1 -1 -1 -6  2 -5 -5 -2  1  2  0 -2  3  2 -6 -1  0  3  0  4    6   3   3   0   3   0   0   4   3  13   7   3   6   7   0   5   5   3   4  25  0.38 1.78
   61 I   -1 -3 -2 -6  0 -2 -3 -3 -5  4  2 -1  3  1 -6 -1  0  0 -1  1    6   2   3   0   2   2   2   2   0  25  19   4   7   7   0   6   5   2   2   9  0.43 1.86
   62 E   -1  2  2  2 -1  1  1 -2  2 -3 -2  3 -1 -3 -3 -1 -1 -6 -2 -3    6  10  11  11   1   5  10   3   4   2   4  16   2   1   1   4   4   0   1   2  0.29 1.84
   63 H   -1 -2 -3 -3 -5 -2 -1 -1  6 -2 -2 -1 -1  4 -6 -3 -2  7  4 -3    6   2   1   1   0   1   5   5  17   2   3   5   1  18   0   2   2  13  13   2  0.79 1.74
   64 L   -3 -6 -6 -7 -1 -5 -6 -7 -5  2  4 -3  3  3 -6 -3 -2  0  3  1    2   0   0   0   1   0   0   0   0  11  43   1   6   9   0   1   2   1  10  10  0.85 1.78
   65 I   -2  1 -1 -4 -1  2  0 -4 -1  3 -1  3  2 -2 -5 -2  0 -2  0  0    3   8   3   1   1  10   5   1   1  19   5  16   4   2   0   3   7   1   3   7  0.33 1.84
   66 K   -1  0  2  2 -6  2  3 -4  0 -4 -4  3 -2 -3 -2 -1  1 -1 -2 -3    5   4   9   9   0   8  17   1   2   1   2  20   1   1   2   3  10   1   2   2  0.43 1.83
   67 N   -2  0  6 -1 -2  0  0 -4  3 -3 -4  4 -3 -3 -5 -2 -1 -6  1 -4    3   4  34   2   1   4   7   0   8   1   2  22   1   1   0   2   3   0   4   1  0.79 1.83
   68 E   -3  3 -2 -1 -3  0  1 -5  4 -3 -1  4 -1  0 -5 -2 -3 -4  5 -3    2  16   1   3   1   4   8   0   9   1   7  21   1   4   0   2   1   0  17   1  0.62 1.84
   69 I   -1  0 -2 -3 -6 -1 -2 -4 -2 -4 -4 -1 -5 -4  8 -2 -2 -6 -4 -3    5   6   2   1   0   2   2   1   1   1   1   4   0   1  67   2   2   0   1   1  1.67 1.82
   70 E    0 -1  0  5 -6  1  4 -2 -2 -5 -4  1 -3 -6 -1 -1 -2 -2 -3 -3    7   3   4  26   0   5  28   2   1   1   1   9   0   0   3   3   3   1   1   2  0.66 1.86
   71 I   -2 -2 -2  4 -1  1  4 -4 -2  0 -1  0  1 -2 -4 -2 -2  2  1 -1    4   2   1  20   1   6  22   1   1   6   7   5   4   2   0   2   2   3   5   4  0.40 1.86
   72 W   -4 -4 -4 -7 -5 -5 -6 -5  0 -4 -2 -6 -1  3 -6 -4 -5 12  4 -4    1   1   1   0   0   0   0   1   2   1   5   0   1  12   0   1   0  59  15   1  2.56 1.82
   73 R    0  0  3  2 -3  2  2 -3 -1 -3 -3  3 -2 -4 -5 -1 -1 -3 -4 -3    9   5  11  11   1   9  15   1   1   1   3  19   1   1   0   4   4   0   0   2  0.43 1.84
   74 E    1  1 -1  0 -3  3  4 -4 -1 -2 -1  2 -1 -4 -3 -2 -2 -6 -4 -2   14   8   3   5   0  11  23   1   1   2   7  14   2   1   1   1   2   0   0   3  0.42 1.84
   75 L   -3 -5 -6 -6 -5 -5 -6 -5 -5  3  5 -4  1  3 -6 -4 -4 -4 -2  0    1   0   0   0   0   0   0   1   0  16  58   1   2  12   0   1   0   0   1   6  1.11 1.79
   76 T   -1  0 -3 -3  0  1  2 -5 -5  1  1  2  1 -3 -5 -1  0 -2 -4  3    6   5   1   1   2   7  11   1   0   9  15  12   3   1   0   4   5   1   0  18  0.29 1.78
   77 A    3  0  1  1 -3  1  2 -2 -2 -4 -3  3 -3 -6 -4 -1 -1 -6 -3 -3   26   5   5   9   0   7  11   2   1   0   2  20   1   0   0   4   4   0   1   2  0.46 1.84
   78 K   -3  1 -3 -4 -6  0 -2 -5 -1  0 -3  7  0 -4 -5 -3 -3 -6 -3 -3    1   7   1   0   0   4   1   0   2   7   2  69   2   1   0   0   1   0   1   2  1.34 1.83
   79 Y   -5 -4 -3 -6 -4 -4 -3 -6  0 -3 -2 -5 -2  4 -6 -4 -4  3  9 -3    0   1   1   0   0   1   1   0   2   1   3   0   1  15   0   1   1   4  69   1  2.01 1.78
   80 D   -4 -4  0  8 -6 -2 -1 -3 -3 -6 -6 -3 -4 -6 -5 -3 -3 -7 -5 -5    1   1   3  88   0   1   1   2   0   0   1   1   0   0   0   1   1   0   0   1  2.11 1.73
   81 P   -2 -4 -5 -4 -6 -3 -3 -4 -5 -5 -5 -2 -5 -5  8 -2 -1 -6 -4 -4    2   1   0   1   0   1   2   1   0   0   1   3   0   0  79   3   5   0   0   1  2.17 1.71
   82 T   -3 -2  1  4 -6  2  4 -3 -1 -4 -5  2 -3 -6 -4  0  2 -6 -4 -4    2   2   7  19   0   9  26   1   1   1   1  11   1   0   0   7  12   0   0   1  0.66 1.71
   83 G   -2  1  4 -1 -5 -2 -2  6  2 -6 -5  0 -3 -6 -5 -1 -3 -6 -4 -6    2   7  17   2   0   1   2  52   4   0   1   6   1   0   0   3   1   0   0   0  1.04 1.64
   84 N   -2 -2 -1 -1 -5  0  3 -4 -3  1 -3  5 -1 -4 -4  0  1 -5 -3  0    2   1   2   3   0   4  18   1   1   9   2  33   1   1   0   6   7   0   1   8  0.52 1.64
   85 W   -3 -3 -1 -5 -3 -3 -5 -4  4 -2 -2 -2 -4  3 -6 -4 -3  2  9 -4    2   1   3   1   0   1   0   1   8   2   3   3   0  11   0   1   1   2  61   0  1.63 1.63
   86 R   -2  5 -4 -3 -5  1 -1 -5 -1  0 -1  2 -1  1 -4 -2  0  1  1 -1    4  29   0   1   0   6   4   1   1   5   6  14   2   6   1   3   7   2   5   5  0.45 1.65
   87 K    1  1  0  2 -5  1  2 -2 -1 -3 -4  4 -3 -5 -1 -1  0 -6 -5 -2   10   6   4  11   0   5  14   2   1   2   1  26   0   0   3   5   5   0   0   3  0.42 1.66
   88 K    0  2  1 -1 -5  1 -1 -3 -2 -3 -4  6 -2 -4 -3 -1 -1 -3 -2 -4    9  10   6   4   0   5   4   2   1   2   1  45   1   1   1   5   3   0   1   1  0.71 1.67
   89 Y   -5 -5 -4 -7 -2 -5 -6 -6  1 -1  1 -6 -1  6 -4 -5 -5  0  8 -2    0   0   1   0   1   0   0   0   2   3  12   0   1  33   1   0   0   1  44   2  1.58 1.67
   90 E   -1  1 -1  0 -6  2  5 -4 -3 -3  0  2  1 -4 -4 -3 -2 -6 -4 -3    4   7   3   5   0   7  41   1   0   1  11  11   4   1   0   1   1   0   0   1  0.67 1.65
   91 D    2 -1  1  3 -6  1  4 -3 -2 -4 -5  3 -4 -6 -3 -1 -3 -6 -4 -4   17   2   6  17   0   5  25   1   1   1   0  20   0   0   1   2   1   0   0   1  0.68 1.63
   92 R    0  0 -3  0 -6  1  4 -5 -3 -4 -2  1 -2  5 -4 -2 -2  0  0 -4    9   5   1   6   0   6  24   0   0   1   3   7   1  25   0   3   2   1   3   1  0.57 1.62
   93 A    3 -3 -5 -4 -4 -4 -3 -5 -4  2  4 -1  0 -2 -5 -3 -3  0 -2  1   24   1   0   1   0   1   2   0   0  11  39   5   2   1   0   1   0   1   1   9  0.62 1.60
   94 K    2  1  0 -1 -5  2  2 -4 -2 -5 -4  5 -3 -5 -4 -1 -2 -6 -5 -4   17   7   4   3   0   7  14   0   1   0   1  38   0   0   0   4   1   0   0   1  0.74 1.59
   95 A    2  0  0 -2 -5  1  3 -3 -2 -5 -4  5 -4 -6 -4  1 -2 -6 -5 -5   16   3   4   2   0   5  17   2   1   0   1  38   0   0   0  10   1   0   0   0  0.74 1.53
   96 A    2  2  2 -2 -5 -1  4 -4  2 -4 -1  2 -2 -4 -4 -2 -3 -5  0 -4   15  11   9   2   0   2  28   1   4   0   7  12   1   1   0   2   1   0   4   0  0.50 1.49
   97 G   -2 -4  4 -1 -5 -4 -3  6 -3 -6 -6 -2 -5 -6 -5 -2 -3 -6 -6 -6    3   0  21   2   0   0   1  69   0   0   0   2   0   0   0   2   0   0   0   0  1.49 1.30
   98 I   -4 -6 -4 -6 -4 -5 -6 -6 -6  7  1 -5 -1 -2 -6 -4 -3 -5 -3  3    0   0   1   0   0   0   0   0   0  72   9   0   0   1   0   1   0   0   1  16  1.41 1.25
   99 V   -1 -1  2 -3 -5  2  1 -4  0 -1 -4  5 -4 -5 -2 -2  1 -6 -4  0    3   1  10   0   0   8   7   0   2   3   0  43   0   0   2   1  11   0   0   9  0.66 1.19
  100 I   -4 -5 -6 -6 -4 -5 -6 -6 -6  5  4 -5 -1 -2 -5 -5 -3 -5 -4  4    0   0   0   0   0   0   0   0   0  38  38   0   0   0   0   0   0   0   0  24  1.11 1.12

                      K         Lambda
Standard Ungapped    0.1343     0.3154
Standard Gapped      0.0410     0.2670
PSI Ungapped         0.1745     0.3170
PSI Gapped           0.0534     0.2670
