Req vs Conc_X 	Req vs Conc_Y 	
0 	-3.56367742474438 	
2.02020202020202E-08 	31.4495803827315 	
4.04040404040404E-08 	56.1974322019531 	
6.06060606060606E-08 	74.617206645796 	
8.08080808080808E-08 	88.8609200704543 	
1.01010101010101E-07 	100.204146751835 	
1.21212121212121E-07 	109.450969126618 	
1.41414141414141E-07 	117.133397394193 	
1.61616161616162E-07 	123.617468674163 	
1.81818181818182E-07 	129.163288193289 	
2.02020202020202E-07 	133.960764927201 	
2.22222222222222E-07 	138.15179527385 	
2.42424242424242E-07 	141.844534160751 	
2.62626262626263E-07 	145.122861497589 	
2.82828282828283E-07 	148.052830888085 	
3.03030303030303E-07 	150.68716631645 	
3.23232323232323E-07 	153.068463058482 	
3.43434343434343E-07 	155.231508480095 	
3.63636363636364E-07 	157.204992677488 	
3.83838383838384E-07 	159.012788254567 	
4.04040404040404E-07 	160.674920746261 	
4.24242424242424E-07 	162.208313550797 	
4.44444444444444E-07 	163.627366220418 	
4.64646464646465E-07 	164.944408038062 	
4.84848484848485E-07 	166.170057169724 	
5.05050505050505E-07 	167.313507556645 	
5.25252525252525E-07 	168.382759958584 	
5.45454545454545E-07 	169.384809433611 	
5.65656565656566E-07 	170.325798545388 	
5.85858585858586E-07 	171.211143391263 	
6.06060606060606E-07 	172.045637914862 	
6.26262626262626E-07 	172.833540746668 	
6.46464646464646E-07 	173.578647894109 	
6.66666666666667E-07 	174.28435390014 	
6.86868686868687E-07 	174.953703549563 	
7.07070707070707E-07 	175.589435784658 	
7.27272727272727E-07 	176.194021166052 	
7.47474747474747E-07 	176.769693959203 	
7.67676767676768E-07 	177.318479725051 	
7.87878787878788E-07 	177.842219132991 	
8.08080808080808E-07 	178.342588586143 	
8.28282828282828E-07 	178.821118145899 	
8.48484848484848E-07 	179.279207159508 	
8.68686868686869E-07 	179.718137926929 	
8.88888888888889E-07 	180.139087688073 	
9.09090909090909E-07 	180.543139166426 	
9.29292929292929E-07 	180.931289867896 	
9.49494949494949E-07 	181.304460303017 	
9.6969696969697E-07 	181.663501275194 	
9.8989898989899E-07 	182.009200356466 	
1.01010101010101E-06 	182.34228765451 	
1.03030303030303E-06 	182.663440959793 	
1.05050505050505E-06 	182.973290349202 	
1.07070707070707E-06 	183.272422311979 	
1.09090909090909E-06 	183.561383454792 	
1.11111111111111E-06 	183.840683835191 	
1.13131313131313E-06 	184.110799966227 	
1.15151515151515E-06 	184.372177529462 	
1.17171717171717E-06 	184.625233828856 	
1.19191919191919E-06 	184.870360013966 	
1.21212121212121E-06 	185.107923097365 	
1.23232323232323E-06 	185.338267788151 	
1.25252525252525E-06 	185.561718160831 	
1.27272727272727E-06 	185.778579176564 	
1.29292929292929E-06 	185.989138071772 	
1.31313131313131E-06 	186.193665627432 	
1.33333333333333E-06 	186.392417330826 	
1.35353535353535E-06 	186.585634440241 	
1.37373737373737E-06 	186.773544961949 	
1.39393939393939E-06 	186.956364547773 	
1.41414141414141E-06 	187.134297320683 	
1.43434343434343E-06 	187.307536635058 	
1.45454545454545E-06 	187.476265777566 	
1.47474747474747E-06 	187.640658614015 	
1.4949494949495E-06 	187.800880186953 	
1.51515151515152E-06 	187.95708726836 	
1.53535353535354E-06 	188.1094288713 	
1.55555555555556E-06 	188.258046724058 	
1.57575757575758E-06 	188.403075709929 	
1.5959595959596E-06 	188.544644275523 	
1.61616161616162E-06 	188.682874810191 	
1.63636363636364E-06 	188.817883998923 	
1.65656565656566E-06 	188.949783150858 	
1.67676767676768E-06 	189.078678505351 	
1.6969696969697E-06 	189.204671517366 	
1.71717171717172E-06 	189.327859123799 	
1.73737373737374E-06 	189.448333992216 	
1.75757575757576E-06 	189.566184753329 	
1.77777777777778E-06 	189.681496218451 	
1.7979797979798E-06 	189.794349583041 	
1.81818181818182E-06 	189.904822617367 	
1.83838383838384E-06 	190.01298984524 	
1.85858585858586E-06 	190.118922711659 	
1.87878787878788E-06 	190.222689740184 	
1.8989898989899E-06 	190.324356680747 	
1.91919191919192E-06 	190.423986648584 	
1.93939393939394E-06 	190.521640254892 	
1.95959595959596E-06 	190.617375729798 	
1.97979797979798E-06 	190.711249038137 	
2E-06 	190.803313988554 	
	
Curve 	X 	Y
Run 1; Ch 2; Cy 5; RefSub; Top7_5; conc=0.0019 	1.9000000320375E-09 	3.84989976882935 	
Run 1; Ch 2; Cy 6; RefSub; Top7_5; conc=0.0039 	3.89999989420176E-09 	5.02299976348877 	
Run 1; Ch 2; Cy 7; RefSub; Top7_5; conc=0.0078 	7.79999978840351E-09 	10.8041000366211 	
Run 1; Ch 2; Cy 8; RefSub; Top7_5; conc=0.0156 	1.5599999576807E-08 	22.1984996795654 	
Run 1; Ch 2; Cy 9; RefSub; Top7_5; conc=0.03125 	3.125E-08 	42.5111999511719 	
Run 1; Ch 2; Cy 10; RefSub; Top7_5; conc=0.0625 	6.25E-08 	74.5143966674805 	
Run 1; Ch 2; Cy 11; RefSub; Top7_5; conc=0.125 	1.25E-07 	114.585296630859 	
Run 1; Ch 2; Cy 12; RefSub; Top7_5; conc=0.25 	2.5E-07 	145.917297363281 	
Run 1; Ch 2; Cy 13; RefSub; Top7_5; conc=0.5 	5E-07 	166.969192504883 	
Run 1; Ch 2; Cy 14; RefSub; Top7_5; conc=1 	1E-06 	179.956207275391 	
Run 1; Ch 2; Cy 15; RefSub; Top7_5; conc=2 	2E-06 	190.585800170898 	
