
Last position-specific scoring matrix computed, weighted observed percentages rounded down, information per position, and relative weight of gapless real matches to pseudocounts
           A  R  N  D  C  Q  E  G  H  I  L  K  M  F  P  S  T  W  Y  V   A   R   N   D   C   Q   E   G   H   I   L   K   M   F   P   S   T   W   Y   V
    1 F   -5 -6 -6 -7 -5 -6 -6 -6 -4 -3 -2 -6 -3  9 -7 -5 -5 -2  0 -4    0   0   0   0   0   0   0   0   0   0   0   0   0 100   0   0   0   0   0   0  2.58 1.38
    2 N   -2 -3  2  6 -6 -1  3 -4 -2 -6 -5 -1 -4 -6 -4  1  1 -6 -5 -5    3   1   9  41   0   2  21   0   1   0   0   4   0   0   0   9   9   0   0   0  0.93 1.38
    3 R   -4  7 -2 -4 -6 -1 -2 -5  7 -6 -5  1 -4 -5 -5 -3 -4 -3 -3 -6    0  62   0   0   0   2   1   0  28   0   0   5   0   0   0   1   0   0   0   0  1.71 1.38
    4 K   -4  0 -2 -3 -6 -1 -2 -4 -4 -3 -4  7  1 -6 -4 -3  0 -6 -4 -2    0   3   1   0   0   1   1   0   0   1   0  80   4   0   0   0   6   0   0   2  1.45 1.36
    5 S    2 -5 -4 -4  7 -4 -4  5 -5 -5 -5 -4 -5 -5 -5  2 -2 -5 -4 -3   18   0   0   0  24   0   0  37   0   0   0   0   0   0   0  18   1   0   0   1  1.16 1.36
    6 V   -3 -5  0 -5 -4 -2 -3 -6  0  3 -1 -5 -1 -3 -5 -3 -1 -6 -3  6    1   0   6   0   0   2   2   0   2  14   3   0   1   1   0   2   3   0   1  64  1.04 1.36
    7 F   -5 -6 -6 -7 -5 -6 -6 -5 -4  1 -2 -6 -3  9 -7 -5 -4 -2  0 -2    0   0   0   0   0   0   0   1   0   8   1   0   0  88   0   0   0   0   0   2  2.20 1.43
    8 E   -3  4 -1 -3 -5  1  3 -5  2 -2 -3  3 -4 -4 -4 -1  3 -5 -2 -1    1  18   2   0   0   7  19   0   5   2   2  15   0   0   0   3  17   0   1   6  0.54 1.41
    9 C   -4 -5 -5 -6 -2 -5 -5 -4 -5  5  1 -5 -1  6 -5 -5 -3 -3 -2  2    1   0   0   0   1   0   0   2   0  38   8   0   1  34   0   0   1   0   0  13  1.13 1.38
   10 L    1  0  1  1 -3  0  2 -3 -1 -3 -2  3 -3 -4  2  0 -2 -4 -3 -1   11   4   8   8   0   3  12   1   1   1   3  20   0   0  11   5   2   0   1   6  0.32 1.27
   11 K    1  1 -1 -2 -4  0 -2 -2 -2 -2 -1  5  0 -4  1 -1 -1 -4 -1 -2   13   5   3   1   0   4   2   2   1   2   6  39   2   1   7   3   4   0   2   3  0.49 1.21
   12 N   -1 -1  0  0 -4  0  2  0 -1 -3 -3  3  1 -3  2  1  2 -4 -3 -3    5   2   4   4   0   3  13   8   1   1   2  19   3   1  11   9  12   0   1   2  0.30 1.18
   13 E   -1 -2 -1  4 -4  1  4  0 -2 -3 -3  1 -3 -4 -2 -1 -1 -4 -3 -3    5   2   3  23   0   5  28   6   0   2   3   8   0   1   2   4   3   0   1   1  0.50 1.13
   14 V   -1 -1 -1 -1 -1 -1  0  0 -1  2  2 -1 -1 -1 -1 -1  0 -1 -1  1    5   4   3   4   1   3   6   7   1  12  18   4   1   3   3   5   5   1   2  11  0.06 0.77
   15 E    0 -1  0  2 -2  0  2 -1  0 -1 -1  1  0 -1  1  0  0 -2 -2 -1    7   2   5  13   1   3  12   4   2   3   7  10   2   3   6   7   5   1   1   4  0.11 0.83
   16 N    0 -1  2  1 -1  0  0 -1  0  0  0  0  1 -1  1  0 -1 -1 -1 -1    7   3  10   9   2   3   6   4   3   6  10   5   4   2   8   6   4   1   2   4  0.05 0.76
   17 L    0 -1  0  0 -2  0  2 -1 -2  0  1  0 -1 -1  0 -1  0 -2 -1 -1    7   3   4   5   1   3  16   6   1   7  14   5   1   3   6   4   5   1   2   4  0.07 0.72
   18 K   -2 -3  2  1 -4 -2  3  4 -2 -3 -2  0 -3 -4 -2 -1 -2 -4 -3 -3    3   1   9   8   0   1  18  33   1   2   4   5   0   1   2   5   2   0   1   2  0.47 1.14
   19 L   -2 -1 -3 -3 -3  0  1 -3 -2  2  2 -1  5  0 -4 -3 -1 -3 -2  1    3   3   1   1   0   4   9   2   1  13  22   4  17   3   1   2   4   0   1   9  0.37 1.13
   20 S   -3 -4  2  6 -5 -2  2 -3 -3 -3 -2 -3 -3 -5 -3  1 -2 -6 -5 -4    1   0  10  53   0   1  11   1   0   1   5   1   1   0   1  12   1   0   0   1  1.01 1.24
   21 L   -2 -1 -4 -4 -4 -1  1 -3 -3  2  3 -2  5  0 -1 -3 -2  1 -3  0    4   3   0   1   0   2   9   2   0  14  30   2  14   3   4   1   2   2   1   5  0.40 1.25
   22 E   -3 -3 -2  5 -6 -1  6 -4 -3 -5 -2 -2 -4 -4 -4 -3 -3 -5 -5 -5    1   0   0  32   0   0  58   0   0   0   5   0   0   1   0   0   0   0   0   0  1.33 1.22
   23 D   -2 -3 -1  4 -5 -1  6 -4 -3 -3 -1 -2 -2 -3 -3 -2 -2 -5 -4 -4    3   0   2  20   0   1  56   1   0   1   7   1   1   1   0   2   1   0   0   1  1.00 1.16
   24 L   -3 -4 -5 -5 -4 -3 -3 -5 -4  1  5 -4  1  4 -5 -4 -3 -3 -2  0    1   0   0   0   0   1   2   1   0   7  59   0   3  18   0   1   0   0   1   3  0.94 1.16
   25 E   -3 -3 -3  0 -5  1  6 -4 -3  1 -1 -2 -1 -4 -3 -2  0 -5 -4 -3    1   0   0   4   0   3  66   1   0   8   5   0   2   0   0   1   5   0   0   1  1.06 1.16
   26 F   -2 -4 -5 -3 -3 -4 -4 -5 -4  0  6 -4  3  1 -4 -4 -3 -4 -3 -2    3   0   0   1   0   0   1   1   0   3  75   1   6   5   0   1   1   0   0   1  1.10 1.15
   27 A    0 -3 -1  2 -5  0  6 -2 -2 -3 -4 -2  0 -5 -4 -1 -2 -5 -3 -4    8   0   1  11   0   2  60   3   0   1   1   1   3   0   0   3   2   0   1   1  0.98 1.20
   28 L   -3 -5 -5 -6 -4 -4 -5 -6 -5  1  6 -5  5  0 -5 -4 -3 -4 -3 -1    2   0   0   0   0   0   0   0   0   4  70   0  13   3   0   1   1   0   0   3  1.17 1.26
   29 I   -3 -5 -6 -5  1 -5 -3 -6 -6  8 -1 -5 -1 -3 -5 -5 -3 -5 -4  0    1   0   0   0   2   0   2   0   0  89   2   0   1   0   0   0   0   0   0   0  1.68 1.28
   30 D   -4 -4  0  8 -6 -3  1 -4 -4 -6 -6 -3 -6 -6 -4 -3 -4 -7 -6 -6    0   0   1  90   0   0   7   0   0   0   0   0   0   0   0   0   0   0   0   0  2.06 1.29
   31 Y    3 -5 -4 -5 -1 -4 -4  1  2 -1 -2 -4 -3  5 -5 -2 -3 -2  6 -2   27   0   1   0   1   0   1   9   5   3   2   0   0  23   0   1   1   0  24   2  0.82 1.30
   32 G   -3 -5 -2 -2 -5 -4 -3  7 -5 -6 -6 -4 -5 -2 -5 -3 -4 -5 -5 -6    0   0   1   2   0   0   2  92   0   0   0   0   0   2   0   0   0   0   0   0  1.95 1.31
   33 L    4 -5 -5 -6  0 -4 -5 -3 -5 -1  3 -5  0 -4 -5 -3 -3 -5 -4  3   35   0   0   0   2   0   0   2   0   1  33   0   2   0   0   0   0   0   0  24  0.76 1.33
   34 E   -4 -3 -2  4 -6  1  6 -5 -3 -6 -5 -2 -5 -5 -4 -2 -1 -6 -5 -5    0   0   1  22   0   4  62   0   0   0   1   1   0   0   0   2   3   0   0   0  1.28 1.33
   35 E   -3 -2 -2  5 -6 -2  6 -4 -3 -6 -5 -1 -5 -6 -4 -1 -3 -6 -5 -5    1   1   1  31   0   0  55   1   0   0   1   2   0   0   0   3   1   0   0   0  1.27 1.33
   36 L   -3 -5 -2 -4 -4 -3 -1 -6 -5  5  2 -5  3  2 -5 -4 -3 -5 -2  2    2   0   2   1   0   1   4   0   0  37  18   0   6   8   0   1   1   0   1  15  0.71 1.33
   37 E   -3 -3 -3  2 -6  0  6 -3 -2 -3 -3 -1 -4  2 -4 -2 -3 -2  0 -1    2   1   1  12   0   4  47   2   0   1   2   4   0   9   1   2   1   0   4   4  0.75 1.56
   38 E   -1 -2  0  1 -5  0  5 -4  0  0 -2  0 -2 -2 -3  0 -1 -6 -2  1    5   1   4   9   0   3  33   0   2   5   3   6   1   2   1   6   4   0   1  11  0.38 1.56
   39 V   -3 -3  1  5 -6 -2  5  1 -1 -3 -5 -2 -3 -4 -5 -1 -2 -6 -2 -3    1   1   6  26   0   1  38   9   2   2   1   1   1   1   0   3   2   0   1   2  0.80 1.56
   40 E   -3 -4  0  5 -6 -1  5 -1  0 -6 -5 -1 -5 -6 -4 -2 -1 -6 -5 -4    1   0   3  32   0   2  43   5   2   0   1   2   0   0   0   1   4   0   0   1  1.07 1.56
   41 D   -3 -3  2  5 -6 -2  3  3 -4 -6 -6 -1 -3 -6 -2 -2 -2 -6 -6 -5    2   1   8  36   0   1  16  22   0   0   0   3   1   0   2   2   3   0   0   1  0.86 1.56
   42 K   -3 -3  0 -1 -3  1  3  0 -1  1 -1 -1  2  0 -5  0  1 -5  0  0    1   1   4   3   1   5  21   8   2   8   4   3   5   3   0   7   8   0   3   7  0.18 1.56
   43 I   -2 -6 -5 -5 -1 -4 -3 -5 -5  5  1 -5  1  1 -4 -5 -2 -1  2  3    3   0   1   0   1   1   2   1   0  35  14   0   3   6   0   0   2   1   6  23  0.75 1.56
   44 I   -2 -3 -1 -4 -3 -3 -2 -6  1  4  0 -4  2  0 -5 -2  3 -5  2  3    2   2   3   0   0   1   3   0   3  20   7   0   5   3   0   3  19   0   7  19  0.46 1.56
   45 I    0 -6 -6 -6 -4 -6 -6 -6 -6  6  1 -6  0 -2 -6 -5 -4 -6 -4  4    9   0   0   0   0   0   0   0   0  49  13   0   2   1   0   0   0   0   0  26  1.18 1.56
   46 R   -4  1 -3 -4 -5 -2 -2 -5  1 -1 -3 -3 -1  1 -5 -2  2 -2  8 -3    1   8   1   1   0   2   2   0   3   3   1   1   1   2   0   3  12   0  57   1  1.34 1.52
   47 G    1 -5 -4 -4  5 -4 -5  5 -5 -3 -5 -4 -4 -5 -5  0  4 -5 -5 -2   13   0   0   0  10   0   0  41   0   1   0   0   0   0   0   5  26   0   0   2  1.00 1.52
   48 D    3 -3 -1  4 -5 -2  3 -2 -3 -5 -4 -1 -3 -6  2  1 -2 -6 -5 -4   22   1   2  26   0   1  16   3   1   0   1   4   1   0  11   9   1   0   0   1  0.64 1.52
   49 Y   -4 -4 -6 -6 -5 -4 -6 -6 -3 -2 -1 -3  3  7  0 -5 -5  0  6 -2    1   1   0   0   0   1   0   0   0   2   3   1   8  51   6   0   0   1  22   2  1.46 1.56
   50 N    0 -3 -1 -1 -5  0  5 -3 -2 -4 -5  1 -4 -6 -2  0  4 -6 -5 -3    6   0   3   2   0   3  39   2   1   1   1   9   0   0   2   5  25   0   0   1  0.79 1.56
   51 S    0 -2  2  5 -2  2  1 -3 -2 -5 -5 -2 -5 -6 -4  3 -3 -6 -2 -4    7   2   9  37   1   8   6   1   1   1   1   1   0   0   0  23   0   0   1   1  0.81 1.49
   52 F   -5 -6  0 -6 -5 -6 -6 -6 -4 -2 -1 -6 -3  8 -2 -4 -5 -2  4 -4    0   0   5   0   0   0   0   0   0   1   5   0   0  74   3   1   0   0  10   0  1.86 1.49
   53 K   -1 -5 -2 -1 -5 -1 -4  7 -1 -4 -6 -1 -2 -6 -5  0 -3 -6 -4 -6    5   0   2   3   0   3   0  72   2   1   0   3   1   0   0   7   1   0   1   0  1.40 1.49
   54 L    2  0  3  0 -5  0  0 -1 -1 -4 -3  2 -2 -6 -1  2  2 -6 -5 -4   19   4  15   5   0   4   6   3   1   0   2  12   1   0   2  13  12   0   0   0  0.38 1.42
   55 L   -3 -5 -6 -6 -4 -5 -6 -6 -6  5  4 -5  6 -1 -6 -5 -4 -5 -4  2    1   0   0   0   0   0   0   0   0  28  32   0  24   2   0   0   0   0   0  13  1.14 1.42
   56 N   -1  0  1 -3 -5  7 -2 -2  0 -4 -3  0 -2 -4 -4  2 -1 -5 -4 -3    3   3   7   0   0  52   0   3   2   1   2   5   1   1   0  17   2   0   0   2  1.00 1.42
   57 E   -1  0  0 -1 -4  0  1 -3  2 -6 -5  6 -3 -6 -2  0 -1 -6 -5 -5    4   3   5   3   0   3   9   1   5   0   0  53   0   0   2   7   3   0   0   0  0.89 1.42
   58 G    3 -3 -1 -4 -5 -3  0  1  2 -5 -4  3 -3  1 -5 -3 -2 -1  4 -2   29   0   2   0   0   0   6  11   5   0   1  19   1   5   0   0   1   1  15   3  0.54 1.42
   59 F   -4 -5 -6 -7 -2 -5 -6 -7 -6  2  6 -6  1  2 -6 -5 -4 -4 -2 -1    0   0   0   0   1   0   0   0   0  10  76   0   2   9   0   0   0   0   1   2  1.34 1.42
   60 E   -3 -3 -2  2 -7 -1  7 -4 -2 -5 -5 -1 -4 -6 -4 -2 -3 -6 -5 -5    1   0   1   9   0   1  81   1   0   1   1   2   0   0   0   1   1   0   0   1  1.61 1.42
   61 S   -1 -2  0  3 -6  0  6 -2  1 -6 -6  2 -5 -6 -4  0 -2 -6 -5 -5    5   1   3  13   0   3  49   3   3   0   0  11   0   0   0   8   2   0   0   0  0.92 1.42
   62 L   -2  2  3 -4 -3 -1 -3 -4 -1 -1  4  3  3 -3 -5 -3 -3 -5 -4 -3    3  10  15   0   1   3   1   1   1   2  35  18   9   0   0   2   0   0   0   0  0.57 1.42
   63 K   -3 -3  4 -1 -2 -1  0  6  1 -7 -6  1 -5 -6 -5 -2 -3 -6 -5 -6    1   1  18   2   1   2   5  55   3   0   0  10   0   0   0   2   0   0   0   0  1.11 1.42
   64 L   -4 -5 -6 -6 -3 -5 -6 -7 -3  6  2 -6  0  4 -6 -5 -4 -1  3  1    1   0   0   0   1   0   0   0   1  51  16   0   2  14   0   0   0   1   9   5  1.12 1.40
   65 P   -2 -3  0  0 -6  0  6 -5 -2 -4 -5  0 -3 -6  1 -2  1 -6 -5 -3    2   0   4   3   0   2  64   0   1   1   1   4   1   0   6   2   8   0   0   2  1.12 1.38
   66 I   -1 -5 -6 -4 -2 -5 -5 -6 -6  5  1 -5  0 -2  4 -4 -2 -6 -4  4    5   0   0   1   1   0   0   0   0  33  10   0   1   1  18   0   1   0   0  28  0.91 1.38
   67 L   -2 -3 -1 -2 -3 -1  2 -4  1  2  1  3 -2 -3 -5  0  2 -6 -4  1    2   0   2   2   0   3  13   1   3  12  12  21   0   1   0   8  11   0   0   9  0.33 1.38
   68 K   -2  0  2 -3 -5 -1  1 -1 -2 -6 -6  3 -5 -6 -4  5 -1 -6 -3 -5    2   3  10   0   0   1  10   5   1   0   0  20   0   0   0  46   1   0   1   0  0.82 1.38
   69 A    6 -4 -4 -4 -4 -2 -4  0 -4 -4 -5 -3 -4 -4 -4  3 -1 -6 -5 -2   64   0   0   0   0   1   0   6   0   0   0   0   0   1   0  25   2   0   0   2  1.13 1.38
   70 S   -1 -3  1  1 -3  0  5  2 -4 -3 -5  0 -3 -6 -4  0 -1 -6 -5 -4    3   1   5   6   1   2  44  17   0   2   1   5   1   0   0   8   4   0   0   1  0.73 1.39
   71 L   -4 -5 -6 -6 -4 -5 -6 -6 -2  0  5 -6 -1  6 -5 -3 -3 -4 -1  0    0   0   0   0   0   0   0   0   1   4  56   0   1  30   0   2   1   0   0   4  1.17 1.38
   72 Q   -3 -1 -3 -1 -6  5  5 -5 -2 -2 -4  1 -4 -6 -3 -2  0 -6 -5  0    0   1   0   2   0  29  41   0   1   2   1   7   0   0   1   1   7   0   0   7  0.95 1.38
   73 R   -4  7 -4 -5 -6 -1 -3 -5 -3 -5 -5 -1 -2  0 -5 -4 -4  4  4 -5    0  72   0   0   0   2   0   0   0   0   0   1   1   4   0   0   0   6  14   0  1.65 1.36
   74 I   -4 -6 -5 -6 -4 -6 -6 -7 -6  7  0 -6  0  1 -6 -5 -3 -5 -3  3    0   0   1   0   0   0   0   0   0  74   4   0   1   5   0   0   1   0   1  14  1.49 1.34
   75 A    6 -3 -3 -4 -2 -3 -3 -2 -4 -3 -4 -3 -3 -4 -3  1 -2 -5 -4 -2   91   0   0   0   0   0   0   0   0   0   0   0   0   0   0   9   0   0   0   0  1.23 0.79

                      K         Lambda
Standard Ungapped    0.1405     0.3176
Standard Gapped      0.0410     0.2670
PSI Ungapped         0.2075     0.3184
PSI Gapped           0.0635     0.2670
