time (min)	Molar Mass 1	time (min)	Molar Mass 2	time (min)	LS	time (min)	UV
27.5385484566078	78354.6464065131	28.9062426897106	-11612.9793171544	26.7768983747003	-0.0451199335258766	26.7769507250334	-0.00588999679154337
27.5467382424348	170994.696506927	28.9144324755375	-11475.591590321	26.7850881605272	-0.0528170434436476	26.7851405108603	-0.00529017070946849
27.5549280282617	132635.431564706	28.9226222613645	-11259.5897283932	26.7932779463542	-0.0605141533614185	26.7933302966873	-0.00464995713209605
27.5631178140887	192553.963084352	28.9308120471915	-10924.1065951855	26.8014677321811	-0.0684063794969686	26.8015200825143	-0.00404319396493031
27.5713075999156	179254.989915483	28.9390018330184	-10809.8247774927	26.8096575180081	-0.0520093061318318	26.8097098683412	-0.00347714480121335
27.5794973857426	185805.819406591	28.9471916188454	-10807.6339954962	26.8178473038351	-0.0549189558386154	26.8178996541682	-0.00294737227864216
27.5876871715696	187479.569094286	28.9553814046723	-10736.8165670154	26.826037089662	-0.0578286055454097	26.8260894399951	-0.00244389762494708
27.5958769573965	187325.137461541	28.9635711904993	-10601.1288930104	26.834226875489	-0.0840283561252753	26.8342792258221	-0.00196386459160369
27.6040667432235	187567.009567147	28.9717609763263	-10698.3346390337	26.842416661316	-0.074502875748841	26.8424690116491	-0.00147636516928486
27.6122565290505	232408.669965845	28.9799507621532	-10786.4477736752	26.8506064471429	-0.0640667457175017	26.850658797476	-0.000907113456665427
27.6204463148774	155967.776532717	28.9881405479802	-10680.2944628297	26.8587962329699	-0.0538293335203637	26.858848583303	-0.0002872158903506
27.6286361007044	162928.789319614	28.9963303338072	-10772.9454997704	26.8669860187968	-0.0515561919010893	26.86703836913	0.000391359264830221
27.6368258865313	146763.101572574	29.0045201196341	-10695.8876365424	26.8751758046238	-0.0507013214354658	26.8752281549569	0.00103149731148454
27.6450156723583	136371.123858119	29.0127099054611	-10660.6451378092	26.8833655904508	-0.0567805703730996	26.8834179407839	0.00163369294609622
27.6532054581853	130573.027204506	29.020899691288	-10578.2789273822	26.8915553762777	-0.0628598193107387	26.8916077266108	0.00219285181866051
27.6613952440122	86384.5249611625	29.029089477115	-10206.776552846	26.8997451621047	-0.0494853609516175	26.8997975124378	0.0027436475689554
27.6695850298392	-8484.56434857882	29.037279262942	-10144.5797439334	26.9079349479317	-0.0466304067334586	26.9079872982648	0.00340008268158017
27.6777748156662	-6049.95888955037	29.0454690487689	-10022.7219237055	26.9161247337586	-0.055441358129066	26.9161770840917	0.00407648860451202
27.6859646014931	-108466.295264669	29.0536588345959	-10566.8983710471	26.9243145195856	-0.0642523095246735	26.9243668699187	0.00476634154978094
27.6941543873201	41132.1619265627	29.0618486204229	-10352.0104965765	26.9325043054126	-0.0244019375785378	26.9325566557457	0.00546480062835266
27.702344173147	-2455.60367356559	29.0700384062498	-10522.7358117785	26.9406940912395	-0.0270341224609068	26.9407464415726	0.00621675230925643
27.710533958974	-61305.7742806639	29.0782281920768	-10535.9760496623	26.9488838770665	-0.0296663073432866	26.9489362273996	0.00698437421875768
27.718723744801	-49531.7508666969	29.0864179779038	-10484.9431706581	26.9570736628934	-0.0355450928713844	26.9571260132265	0.0077341043671007
27.7269135306279	-25606.6567992086	29.0946077637307	-10147.0065729193	26.9652634487204	-0.0604455815481185	26.9653157990535	0.00854533586573436
27.7351033164549	-19647.4573048362	29.1027975495577	-10031.3677307728	26.9734532345474	-0.0659989813785424	26.9735055848805	0.00943251228297629
27.7432931022819	-12768.2266892724	29.1109873353846	-9943.18219412522	26.9816430203743	-0.0652149767765668	26.9816953707074	0.0103112086940146
27.7514828881088	-12394.2920106664	29.1191771212116	-9945.63753679241	26.9898328062013	-0.0673360586753116	26.9898851565344	0.0112910983830791
27.7596726739358	-12381.382876375	29.1273669070386	-9943.62616342199	26.9980225920282	-0.0694571405740616	26.9980749423614	0.0123957212294251
27.7678624597627	-11984.933725615	29.1355566928655	-9928.55729957081	27.0062123778552	-0.0636767101549789	27.0062647281883	0.0134681207935644
27.7760522455897	-12138.421926963	29.1437464786925	-9796.45474142555	27.0144021636822	-0.0585882854691024	27.0144545140153	0.0145079524060894
27.7842420314167	-34442.5030267791	29.1519362645194	-9722.2945512528	27.0225919495091	-0.0568878235358767	27.0226442998422	0.0155228374155947
27.7924318172436	-20262.3226797377	29.1601260503464	-9719.54232092463	27.0307817353361	-0.0551873616026457	27.0308340856692	0.0165466076189462
27.8006216030706	-20174.3264619952	29.1683158361734	-9644.34900472785	27.0389715211631	-0.0275947352106996	27.0390238714962	0.0175516750369724
27.8088113888976	-20103.2714179933	29.1765056220003	-9547.72287200584	27.04716130699	0.0634610211908364	27.0472136573231	0.0185994975770533
27.8170011747245	-23620.8425681309	29.1846954078273	-9198.82885566181	27.055351092817	0.0511653306970644	27.0554034431501	0.0197216429570282
27.8251909605515	-12626.0061780965	29.1928851936543	-9116.30625536552	27.063540878644	0.0388696402032923	27.0635932289771	0.0208923123560289
27.8333807463784	-10906.4473905705	29.2010749794812	-9030.86473471576	27.0717306644709	0.0031103686839662	27.071783014804	0.0221673501356466
27.8415705322054	-10003.2739190244	29.2092647653082	-8990.33967551442	27.0799204502979	-0.0501933321684412	27.079972800631	0.0235208583475027
27.8497603180324	-12243.2111262776	29.2174545511352	-8939.27830394646	27.0881102361248	-0.0418982235436582	27.088162586458	0.0248181938077059
27.8579501038593	-12309.1624656172	29.2256443369621	-8926.25716818434	27.0963000219518	-0.0391538621398657	27.0963523722849	0.0260246834826225
27.8661398896863	-12328.3121126063	29.2338341227891	-8859.0251085517	27.1044898077788	-0.0421440049252413	27.1045421581119	0.0271705528697648
27.8743296755133	-11915.2526204708	29.242023908616	-8931.18487371751	27.1126795936057	-0.0451341477106116	27.1127319439388	0.0283360367998871
27.8825194613402	-11522.8407894939	29.250213694443	-8872.81392370034	27.1208693794327	-0.0477175833556386	27.1209217297658	0.0294792736300958
27.8907092471672	-11280.5289414051	29.25840348027	-8834.77505007886	27.1290591652597	-0.0489646578453369	27.1291115155928	0.0306268628831328
27.8988990329942	-11182.6487161305	29.2665932660969	-8785.23197754884	27.1372489510866	-0.0502117323350297	27.1373013014197	0.0318976970987676
27.9070888188211	-10805.0706029936	29.2747830519239	-8606.58163389409	27.1454387369136	-0.0606930635116542	27.1454910872467	0.0333669499291032
27.9152786046481	-10401.5130267147	29.2829728377509	-8663.40098415911	27.1536285227405	-0.0354599574987931	27.1536808730737	0.0349101745103782
27.923468390475	-9988.06026364476	29.2911626235778	-9138.04900286905	27.1618183085675	-0.027350238776535	27.1618706589006	0.0364196698153232
27.931658176302	-10175.308852665	29.2993524094048	-9054.36331385768	27.1700080943945	-0.0243724412450729	27.1700604447276	0.0378809025503187
27.939847962129	-10976.3930412174	29.3075421952317	-8935.10527491056	27.1781978802214	-0.0213946437136054	27.1782502305545	0.0392919211206807
27.9480377479559	-10730.8670537928	29.3157319810587	-8817.75474244587	27.1863876660484	-0.020380688549273	27.1864400163815	0.0406712025793263
27.9562275337829	-10484.1389922149	29.3239217668857	-9007.32261669855	27.1945774518754	-0.0153808064413843	27.1946298022085	0.0421824090024934
27.9644173196099	-9511.03163387082	29.3321115527126	-10119.5484757407	27.2027672377023	-0.0135840728033421	27.2028195880354	0.0438402989752915
27.9726071054368	-9279.27733263586	29.3403013385396	-10039.4024755834	27.2109570235293	-0.0264120540135544	27.2110093738624	0.0455570775662429
27.9807968912638	-9658.54148575361	29.3484911243666	-9955.67016477677	27.2191468093562	-0.0392400352237666	27.2191991596894	0.0472707636188125
27.9889866770907	-9565.42598123256	29.3566809101935	-13376.8522885893	27.2273365951832	-0.0486325353361841	27.2273889455163	0.0489181544736593
27.9971764629177	-9296.93855774682	29.3648706960205	-15355.4751646115	27.2355263810102	-0.00741525827213302	27.2355787313433	0.0505066071231282
28.0053662487447	-10617.2293562735	29.3730604818474	-14707.9197989414	27.2437161668371	0.0513420309298269	27.2437685171702	0.0520993206749186
28.0135560345716	-10503.6925964006	29.3812502676744	-13830.1184548877	27.2519059526641	0.0630435271928796	27.2519583029972	0.0537894738951427
28.0217458203986	-10396.2822124496	29.3894400535014	-11764.0251407451	27.2600957384911	0.0260802739989142	27.2601480888242	0.0556122658498083
28.0299356062256	-10190.2107008367	29.3976298393283	-11816.6044914009	27.268285524318	-0.010882979195062	27.2683378746511	0.0574950330135502
28.0381253920525	-10422.0180815573	29.4058196251553	-13493.9659008794	27.276475310145	-0.0319754437503601	27.2765276604781	0.0593520462302198
28.0463151778795	-10238.4506705271	29.4140094109823	-16185.5599181997	27.2846650959719	-0.035971017159636	27.2847174463051	0.0612847251363175
28.0545049637064	-10048.3081729815	29.4221991968092	-45738.5313253316	27.2928548817989	-0.0399665905689174	27.292907232132	0.0634068384356298
28.0626947495334	-10755.9251815453	29.4303889826362	-62114.0470640899	27.3010446676259	-0.0521694860509543	27.301097017959	0.0655690200337666
28.0708845353604	-10700.5801118015	29.4385787684631	21070.0603808525	27.3092344534528	-0.021344242105636	27.3092868037859	0.0676411781872802
28.0790743211873	-10620.2109293873	29.4467685542901	26920.6429902755	27.3174242392798	-0.020051268646733	27.3174765896129	0.0696489685216017
28.0872641070143	-10556.6039826838	29.4549583401171	38674.6904137759	27.3256140251068	-0.0187582951878245	27.3256663754399	0.0717230730381773
28.0954538928413	-10538.158279517	29.463148125944	-201628.122576451	27.3338038109337	-0.0125639193892493	27.3338561612668	0.0740030080337439
28.1036436786682	-10350.1077306367	29.471337911771	-25760.3967902044	27.3419935967607	-0.00636954359068483	27.3420459470938	0.0763177332301519
28.1118334644952	-10247.6873969418	29.479527697598	-35683.0807872942	27.3501833825876	-0.00707595447236089	27.3502357329208	0.0786356665213932
28.1200232503221	-10219.739764883	29.4877174834249	-47743.6487197798	27.3583731684146	-0.00778236535403695	27.3584255187477	0.0808921614923026
28.1282130361491	-10377.5913357029	29.4959072692519	-52595.1621976276	27.3665629542416	-0.0121930355774217	27.3666153045747	0.0831255402281274
28.1364028219761	-10539.2251733065	29.5040970550789	19200.8145789713	27.3747527400685	-0.0128620850554682	27.3748050904016	0.0853927296243696
28.144592607803	-10742.3916825147	29.5122868409058	15575.2788696493	27.3829425258955	-0.0135311345335202	27.3829948762286	0.0876206322715226
28.15278239363	-10866.8412257334	29.5204766267328	18501.7537717542	27.3911323117225	-0.00844555759807941	27.3911846620556	0.089796034745839
28.160972179457	-10497.947224441	29.5286664125597	24461.5650919261	27.3993220975494	-7.29063156003508E-5	27.3993744478825	0.0919253219082691
28.1691619652839	-10116.0544769275	29.5368561983867	70536.1663969608	27.4075118833764	0.0082997449668841	27.4075642337095	0.0941149127684253
28.1773517511109	-10131.0598354534	29.5450459842137	-660993.461948869	27.4157016692034	0.00281609646987463	27.4157540195365	0.0964766733904949
28.1855415369378	-10254.3131365479	29.5532357700406	74511.8392157355	27.4238914550303	-0.00266755202712406	27.4239438053634	0.0989907513920084
28.1937313227648	-10884.2697432482	29.5614255558676	32239.1282262729	27.4320812408573	-0.0174576158892713	27.4321335911904	0.101565745197861
28.2019211085918	-10993.9479724245	29.5696153416946	29261.485059548	27.4402710266842	-0.0210554739654795	27.4403233770173	0.104119554493348
28.2101108944187	-10641.3004881403	29.5778051275215	30057.0673635478	27.4484608125112	-0.0169313008888719	27.4485131628443	0.106630546012348
28.2183006802457	-10265.8204391898	29.5859949133485	31095.3866149064	27.4566505983382	0.000523018325912669	27.4567029486713	0.10908022400296
28.2264904660727	-10202.8880819799	29.5941846991754	33309.6813167479	27.4648403841651	0.0157711068316244	27.4648927344982	0.111528473099817
28.2346802518996	-10140.5238532881	29.6023744850024	19796.0006546038	27.4730301699921	0.0225834985108859	27.4730825203252	0.114041060395472
28.2428700377266	-9976.95606299777	29.6105642708294	20950.2914755814	27.4812199558191	0.0258405316279141	27.4812723061522	0.116577441512063
28.2510598235535	-9914.9711724966	29.6187540566563	21392.3299710745	27.489409741646	0.0273198854638256	27.4894620919791	0.119177791635645
28.2592496093805	-9901.67147976421	29.6269438424833	22462.1590369635	27.497599527473	0.0227340648110237	27.4976518778061	0.12188723490415
28.2674393952075	-9550.53620824659	29.6351336283103	22441.2770260999	27.5057893132999	0.0181482441582163	27.505841663633	0.124638294358671
28.2756291810344	-10082.2291509484	29.6433234141372	21738.5901993193	27.5139790991269	0.0130980003194933	27.51403144946	0.127376771718162
28.2838189668614	-10176.9873079573	29.6515131999642	21642.5789707765	27.5221688849539	0.00804775648077021	27.522221235287	0.130140659711385
28.2920087526884	-10459.9505573161	29.6597029857911	23468.3937430473	27.5303586707808	-0.00550350307218686	27.5304110211139	0.132914329813317
28.3001985385153	-12532.527243046	29.6678927716181	22151.529884746	27.5385484566078	0.0228055937941602	27.5386008069409	0.13561665828902
28.3083883243423	-15369.8382002028	29.6760825574451	22089.2951842865	27.5467382424348	0.041197121030573	27.5467905927679	0.138262653282701
28.3165781101693	-14996.9850264436	29.684272343272	22747.3692172628	27.5549280282617	0.0400188052292116	27.5549803785948	0.140874853636096
28.3247678959962	-14630.0899017192	29.692462129099	21599.7232894208	27.5631178140887	0.0388404894278394	27.5631701644218	0.143628594405216
28.3329576818232	-11257.9852786807	29.700651914926	19543.4682240389	27.5713075999156	0.0330196986587626	27.5713599502488	0.146586611110308
28.3411474676501	-10595.729944382	29.7088417007529	19535.3465904652	27.5794973857426	0.0347808623374451	27.5795497360757	0.149556800799406
28.3493372534771	-10914.0456699322	29.7170314865799	19448.9646188072	27.5876871715696	0.0334617532392904	27.5877395219027	0.1524600481602
28.3575270393041	-11126.9359454436	29.7252212724068	19520.9075813536	27.5958769573965	0.0321426441411465	27.5959293077296	0.155294385811483
28.365716825131	-11268.8935476183	29.7334110582338	20455.8901661245	27.6040667432235	0.0310902569287429	27.6041190935566	0.158165732500781
28.373906610958	-11170.749161499	29.7416008440608	19684.2165574819	27.6122565290505	0.0300378697163393	27.6123088793836	0.161185362553337
28.382096396785	-11224.5712550342	29.7497906298877	19499.6605779641	27.6204463148774	0.0388145170763509	27.6204986652105	0.164245066685041
28.3902861826119	-10967.5048729813	29.7579804157147	19174.3902384331	27.6286361007044	0.0414190838579141	27.6286884510375	0.167200066918844
28.3984759684389	-10859.6774821641	29.7661702015417	18841.5055797819	27.6368258865313	0.0360169621439501	27.6368782368645	0.170126217372324
28.4066657542658	-11008.7688678341	29.7743599873686	17187.5261764772	27.6450156723583	0.0306148404299861	27.6450680226914	0.173188589863922
28.4148555400928	-11024.2432285329	29.7825497731956	17231.892143435	27.6532054581853	0.0376104410631235	27.6532578085184	0.176245269330173
28.4230453259198	-11058.0014141109	29.7907395590225	17139.4534077078	27.6613952440122	0.0446060416962609	27.6614475943453	0.179245546005421
28.4312351117467	-10920.2107604726	29.7989293448495	17158.3058777646	27.6695850298392	0.0583856483356307	27.6696373801723	0.182224761420902
28.4394248975737	-10777.4796982555	29.8071191306765	17440.8124073446	27.6777748156662	0.140536199969962	27.6778271659993	0.185269473750464
28.4476146834007	-10324.7395192562	29.8153089165034	17852.3024136311	27.6859646014931	0.160741251148975	27.6860169518262	0.188408463700692
28.4558044692276	-10628.071313468	29.8234987023304	17738.6725766122	27.6941543873201	0.160422765082366	27.6942067376532	0.191507445610795
28.4639942550546	-10992.3645338501	29.8316884881574	17630.6171152961	27.702344173147	0.160104279015751	27.7023965234802	0.194577392565115
28.4721840408815	-10960.8666665576	29.8398782739843	17622.160045427	27.710533958974	0.0740305271196945	27.7105863093071	0.19757373810095
		29.8480680598113	17642.3446426822	27.718723744801	0.0767624991093516	27.7187760951341	0.200523192676674
		29.8562578456383	18038.1131228706	27.7269135306279	0.0904724855155588	27.726965880961	0.203448611297368
		29.8644476314652	17310.884305518	27.7351033164549	0.0985564944526561	27.735155666788	0.206350502573838
		29.8726374172922	17021.3576131888	27.7432931022819	0.0993383465695418	27.743345452615	0.209221675319945
		29.8808272031191	17011.3965389177	27.7514828881088	0.100120198686422	27.7515352384419	0.212057349355843
		29.8890169889461	17033.0835106476	27.7596726739358	0.102429530190289	27.7597250242689	0.214896109429999
		29.8972067747731	17520.9826449096	27.7678624597627	0.0943695881653096	27.7679148100959	0.217717590954755
		29.9053965606	18060.76723435	27.7760522455897	0.086309646140336	27.7761045959228	0.2204579606509
		29.913586346427	17944.2334791798	27.7842420314167	0.0678567587966192	27.7842943817498	0.223134714030697
		29.921776132254	17919.9436608841	27.7924318172436	0.0763054551149201	27.7924841675767	0.225892622542897
		29.9299659180809	17469.4538754486	27.8006216030706	0.0752509984741766	27.8006739534037	0.228745239611686
		29.9381557039079	16824.5041253181	27.8088113888976	0.0741965418334224	27.8088637392307	0.231590683348534
		29.9463454897348	16746.2651602132	27.8170011747245	0.0685859070848531	27.8170535250576	0.234385114938509
		29.9545352755618	16709.2124789607	27.8251909605515	0.076611722328823	27.8252433108846	0.237134937420956
		29.9627250613888	16274.9660916733	27.8333807463784	0.102663265685663	27.8334330967116	0.239772299387576
		29.9709148472157	16979.7221483963	27.8415705322054	0.104522712695246	27.8416228825385	0.242321220151019
		29.9791046330427	18114.3884988602	27.8497603180324	0.15145957896811	27.8498126683655	0.244882885097598
		29.9872944188697	17908.6371544022	27.8579501038593	0.157819051133663	27.8580024541924	0.247534799721676
		29.9954842046966	17895.6959364472	27.8661398896863	0.160338719352076	27.8661922400194	0.250121396050637
		30.0036739905236	18196.2880152526	27.8743296755133	0.153015525653859	27.8743820258464	0.252619701142393
		30.0118637763505	18601.5949772212	27.8825194613402	0.145692331955631	27.8825718116733	0.255137746397651
		30.0200535621775	19373.4015859454	27.8907092471672	0.14090971764808	27.8907615975003	0.257605216915061
		30.0282433480045	18561.0518971313	27.8988990329942	0.139031731943115	27.8989513833273	0.260012218036464
		30.0364331338314	18182.7748970209	27.9070888188211	0.13015223237479	27.9071411691542	0.262323427456805
		30.0446229196584	18210.4529158108	27.9152786046481	0.121272732806465	27.9153309549812	0.264519525527633
		30.0528127054854	17509.6757152974	27.923468390475	0.112777923314605	27.9235207408082	0.266604987269229
		30.0610024913123	16920.4064027941	27.931658176302	0.11389143418807	27.9317105266351	0.268615258878687
		30.0691922771393	17584.9553514098	27.939847962129	0.144382605502117	27.9399003124621	0.270666404923862
		30.0773820629662	17947.3215336474	27.9480377479559	0.139680012340763	27.948090098289	0.272722923544465
		30.0855718487932	18445.2781149968	27.9562275337829	0.134977419179398	27.956279884116	0.274793153620654
		30.0937616346202	18246.2681032427	27.9644173196099	0.116042271968945	27.964469669943	0.276846737806998
		30.1019514204471	19237.9583847072	27.9726071054368	0.110622929201126	27.9726594557699	0.278833663992776
		30.1101412062741	20278.3941251004	27.9807968912638	0.116651069154274	27.9808492415969	0.280735180389707
		30.1183309921011	22160.4256049765	27.9889866770907	0.11571510597218	27.9890390274238	0.282576863810402
		30.126520777928	22030.4211523779	27.9971764629177	0.114779142790081	27.9972288132508	0.284406182469274
		30.134710563755	22054.0061365421	28.0053662487447	0.144743557469764	28.0054185990778	0.286122089452437
		30.1429003495819	21769.9516338141	28.0135560345716	0.143351571168636	28.0136083849047	0.28772389314096
		30.1510901354089	22423.5072120487	28.0217458203986	0.141959584867502	28.0217981707317	0.289194023953575
		30.1592799212359	22432.5264964939	28.0299356062256	0.139030031129497	28.0299879565587	0.290546735576302
		30.1674697070628	22500.2519572451	28.0381253920525	0.148421151501908	28.0381777423856	0.291819899992554
		30.1756594928898	22667.5498433165	28.0463151778795	0.144019785155124	28.0463675282126	0.293009153780625
		30.1838492787168	24787.0313810684	28.0545049637064	0.139618418808329	28.0545573140396	0.294111068104036
		30.1920390645437	23066.2823458099	28.0626947495334	0.156712974931622	28.0627470998665	0.295195972611476
		30.2002288503707	20392.4227686553	28.0708845353604	0.157176112412305	28.0709368856935	0.296224902468119
		30.2084186361976	20260.5610406814	28.0790743211873	0.156325649488936	28.0791266715204	0.2971952261397
		30.2166084220246	20793.0681864409	28.0872641070143	0.155475186565572	28.0873164573474	0.298091268058164
		30.2247982078516	22928.5742577764	28.0954538928413	0.155620874291141	28.0955062431744	0.298872103039789
		30.2329879936785	28614.4539553692	28.1036436786682	0.151761039126605	28.1036960290013	0.29965477019037
		30.2411777795055	27172.2754467182	28.1118334644952	0.147901203962068	28.1118858148283	0.300540145387269
		30.2493675653325	23233.6244076018	28.1200232503221	0.148396009132506	28.1200756006553	0.30139822745548
		30.2575573511594	20534.3136013544	28.1282130361491	0.153842313595036	28.1282653864822	0.302224554909096
		30.2657471369864	20203.675885418	28.1364028219761	0.159288618057572	28.1364551723092	0.30300075117151
		30.2739369228134	20087.7281720935	28.144592607803	0.169204025793514	28.1446449581361	0.303722653244012
		30.2821267086403	21593.751790034	28.15278239363	0.174161863621195	28.1528347439631	0.304346292692774
		30.2903164944673	22310.4618437088	28.160972179457	0.164649897800612	28.1610245297901	0.304805512961316
		30.2985062802942	24092.1971911801	28.1691619652839	0.155137931980024	28.169214315617	0.305153497254543
		30.3066960661212	25429.8251467007	28.1773517511109	0.154220082006603	28.177404101444	0.305431867728356
		30.3148858519482	26315.3598374054	28.1855415369378	0.153302232033181	28.185593887271	0.305631100694836
		30.3230756377751	31390.1628037408	28.1937313227648	0.17083902223436	28.1937836730979	0.305735374524817
		30.3312654236021	40552.586114741	28.2019211085918	0.175546794399046	28.2019734589249	0.305835412993236
		30.339455209429	33357.3901494956	28.2101108944187	0.165525808881983	28.2101632447518	0.305915265332553
		30.347644995256	33491.6846543559	28.2183006802457	0.15550482336492	28.2183530305788	0.305972328012452
		30.355834781083	34252.1169397061	28.2264904660727	0.154407326315516	28.2265428164058	0.306000585918668
		30.3640245669099	41321.0653263639	28.2346802518996	0.153309829266117	28.2347326022327	0.306021166565376
		30.3722143527369	43107.9838889639	28.2428700377266	0.149038312726296	28.2429223880597	0.306028428051359
		30.3804041385639	44715.5520649953	28.2510598235535	0.147190760305842	28.2511121738867	0.305976759101264
		30.3885939243908	43802.0933212255	28.2592496093805	0.145343207885387	28.2593019597136	0.305790078077071
		30.3967837102178	33050.5386375395	28.2674393952075	0.137822524574089	28.2674917455406	0.305535881159139
		30.4049734960448	32336.8541133812	28.2756291810344	0.149753037591897	28.2756815313675	0.305329095273289
		30.4131632818717	34674.2997190362	28.2838189668614	0.15139476005138	28.2838713171945	0.305146364513651
		30.4213530676987	38664.9142809447	28.2920087526884	0.15746825466797	28.2920611030215	0.304971444465811
		30.4295428535256	34698.7332833982	28.3001985385153	0.198912084258208	28.3002508888484	0.304799558556012
		30.4377326393526	35030.3575351477	28.3083883243423	0.301107729995861	28.3084406746754	0.304627412977741
		30.4459224251796	36495.9120989988	28.3165781101693	0.275745327789852	28.3166304605024	0.304420932236666
		30.4541122110065	26755.0644617033	28.3247678959962	0.250382925583843	28.3248202463293	0.304129039064974
		30.4623019968335	23387.2203338867	28.3329576818232	0.188598421849402	28.3330100321563	0.303851858182856
		30.4704917826605	23352.4200454336	28.3411474676501	0.167201410077308	28.3411998179832	0.303561271299079
		30.4786815684874	26881.0354178495	28.3493372534771	0.176234231239168	28.3493896038102	0.30319357747296
		30.4868713543144	38726.3506567465	28.3575270393041	0.18141401655008	28.3575793896372	0.30286160444054
		30.4950611401413	-8722022.09680047	28.365716825131	0.184741635472769	28.3657691754641	0.302559706203594
		30.5032509259683	-114740.340774022	28.373906610958	0.180764500044453	28.3739589612911	0.302269191944302
		30.5114407117953	40000.3322549462	28.382096396785	0.176787364616137	28.3821487471181	0.301956594137703
		30.5196304976222	27971.5022823709	28.3902861826119	0.168483578634078	28.390338532945	0.301640586272203
		30.5278202834492	27574.7845497017	28.3984759684389	0.165413145214972	28.398528318772	0.301377262533176
		30.5360100692762	25550.5083357096	28.4066657542658	0.168860961036684	28.406718104599	0.301136460934542
		30.5441998551031	26603.7098891557	28.4148555400928	0.170413244891192	28.4149078904259	0.300884090952363
		30.5523896409301	19223.0512394831	28.4230453259198	0.171965528745689	28.4230976762529	0.300621105822514
		30.560579426757	26927.5340988468	28.4312351117467	0.167981274520706	28.4312874620798	0.300358665444563
		30.568769212584	34187.0899704543	28.4394248975737	0.163997020295723	28.4394772479068	0.300129226159196
		30.576958998411	50086.2534933063	28.4476146834007	0.152194227089822	28.4476670337338	0.299928530153535
		30.5851487842379	-30304.3054163938	28.4558044692276	0.159460669748801	28.4558568195607	0.299756617222459
		30.5933385700649	-25608.5020307514	28.4639942550546	0.169432776494129	28.4640466053877	0.299640788679772
		30.6015283558919	12815246.5345055	28.4721840408815	0.167783602933601	28.4722363912147	0.299533889478824
		30.6097181417188	17496.6496352806	28.4803738267085	0.166134429373078	28.4804261770416	0.299357085009479
		30.6179079275458	15270.718122567	28.4885636125355	0.158841691276093	28.4886159628686	0.299125658078586
		30.6260977133727	16589.9211319462	28.4967533983624	0.163926980173709	28.4968057486955	0.298898365802801
		30.6342874991997	16644.7689412002	28.5049431841894	0.16272114202802	28.5049955345225	0.298712676994975
		30.6424772850267	21109.362178883	28.5131329700164	0.161515303882325	28.5131853203495	0.298518634970256
		30.6506670708536	26564.420269037	28.5213227558433	0.155137812416547	28.5213751061764	0.298333290289369
		30.6588568566806	-50395.1017433246	28.5295125416703	0.164007917459664	28.5295648920034	0.298200347659692
		30.6670466425076	-45811.3387998674	28.5377023274972	0.195390587655417	28.5377546778304	0.298068936098256
		30.6752364283345	-136865.512139848	28.5458921133242	0.205744106433531	28.5459444636573	0.297930493332877
		30.6834262141615	16757.5800107975	28.5540818991512	0.201128009075246	28.5541342494843	0.297798840310975
		30.6916159999884	16334.7615029758	28.5622716849781	0.196511911716965	28.5623240353112	0.297836676539959
		30.6998057858154	19463.7892106728	28.5704614708051	0.15723253442087	28.5705138211382	0.298034320860871
		30.7079955716424	-33625.3029019849	28.5786512566321	0.178027952155953	28.5787036069652	0.298214492134066
		30.7161853574693	-22599.9241715684	28.586841042459	0.182671886689344	28.5868933927921	0.298368704280415
		30.7243751432963	-21241.7342951841	28.595030828286	0.187315821222736	28.5950831786191	0.298453122004604
		30.7325649291233	-20165.1463291223	28.603220614113	0.201756016636033	28.6032729644461	0.29847877723797
		30.7407547149502	-17363.2066755542	28.6114103999399	0.207012356675508	28.611462750273	0.298633815113866
		30.7489445007772	-20136.5413331675	28.6196001857669	0.209617306671582	28.6196525361	0.298895988063889
		30.7571342866042	-44243.853363731	28.6277899715938	0.203110068260897	28.6278423219269	0.299190378999299
		30.7653240724311	-36750.7701767667	28.6359797574208	0.196602829850207	28.6360321077539	0.299601824931594
		30.7735138582581	-32237.9848466166	28.6441695432478	0.185005614247364	28.6442218935809	0.300021915522177
		30.781703644085	-19021.603009123	28.6523593290747	0.184279302869254	28.6524116794078	0.300443196357589
		30.789893429912	-19544.3770600501	28.6605491149017	0.190730612946694	28.6606014652348	0.300866176414119
		30.798083215739	-16958.1193641744	28.6687389007287	0.20119281959066	28.6687912510618	0.301366410885096
		30.8062730015659	-14389.0325656944	28.6769286865556	0.205080510099288	28.6769810368887	0.301937029830946
		30.8144627873929	-11822.0960388106	28.6851184723826	0.206037924039889	28.6851708227157	0.302651862967885
		30.8226525732199	-15148.361798836	28.6933082582095	0.206146440516067	28.6933606085426	0.30337790469295
		30.8308423590468	-22658.6844231269	28.7014980440365	0.206254956992257	28.7015503943696	0.30406404508297
		30.8390321448738	-19412.9090323421	28.7096878298635	0.227615630831204	28.7097401801966	0.304698889395138
		30.8472219307007	-16309.5269348473	28.7178776156904	0.249311097549791	28.7179299660235	0.305261874723202
		30.8554117165277	-13092.7783736114	28.7260674015174	0.241080509659767	28.7261197518505	0.305832251161165
		30.8636015023547	-10482.5446049259	28.7342571873444	0.232849921769749	28.7343095376775	0.306384618199116
		30.8717912881816	-11193.8121102748	28.7424469731713	0.214321456663738	28.7424993235044	0.306943595000858
		30.8799810740086	-11970.5531532147	28.7506367589983	0.183389721396782	28.7506891093314	0.307643266217031
		30.8881708598356	-12057.28292172	28.7588265448252	0.192841331998667	28.7588788951583	0.308591773361509
		30.8963606456625	-11884.0194105684	28.7670163306522	0.223830152746309	28.7670686809853	0.309546963173547
		30.9045504314895	-11324.2881205526	28.7752061164792	0.222344178682625	28.7752584668123	0.310528903195615
		30.9127402173164	-11255.4559080149	28.7833959023061	0.22085820461894	28.7834482526392	0.311602111909028
		30.9209300031434	-12974.8841772469	28.7915856881331	0.208032391321969	28.7916380384662	0.312754333484933
		30.9291197889704	-14190.3314312262	28.7997754739601	0.21137318320976	28.7998278242932	0.314056041477285
		30.9373095747973	-13334.3248378334	28.807965259787	0.218580173256167	28.8080176101201	0.315552107494412
		30.9454993606243	-11494.9822796187	28.816155045614	0.221068299203022	28.8162073959471	0.317038449892807
		30.9536891464513	-9739.80804504453	28.8243448314409	0.21186478819954	28.8243971817741	0.31851833935057
		30.9618789322782	-9874.82134916041	28.8325346172679	0.202661277196058	28.832586967601	0.320112177437329
		30.9700687181052	-11533.3266427128	28.8407244030949	0.200002657146968	28.840776753428	0.321798522604181
		30.9782585039321	-11221.7309340655	28.8489141889218	0.216619699255182	28.8489665392549	0.323642132994563
		30.9864482897591	-10645.7146249644	28.8571039747488	0.222522826457078	28.8571563250819	0.325622722756503
		30.9946380755861	-9922.40211943997	28.8652937605758	0.223418784652471	28.8653461109089	0.327632337879754
		31.002827861413	-11388.7172998231	28.8734835464027	0.224314742847863	28.8735358967358	0.32968916673976
		31.01101764724	-15819.7827939901	28.8816733322297	0.231718456366419	28.8817256825628	0.331861558758238
		31.019207433067	-13145.8020904625	28.8898631180566	0.240978440565648	28.8899154683898	0.334222687117595
		31.0273972188939	-11652.8219652397	28.8980529038836	0.245748140978624	28.8981052542167	0.33670793337412
		31.0355870047209	-10337.8797956161	28.9062426897106	0.250517841391601	28.9062950400437	0.339253351820406
		31.0437767905478	-10660.137073611	28.9144324755375	0.247730402058839	28.9144848258706	0.341785268879756
		31.0519665763748	-10700.3422632996	28.9226222613645	0.244942962726088	28.9226746116976	0.344348618337468
		31.0601563622018	-9734.33153671365	28.9308120471915	0.238460905624335	28.9308643975246	0.347115278138915
		31.0683461480287	-9936.49618349641	28.9390018330184	0.238213755934419	28.9390541833515	0.350040948308472
		31.0765359338557	-10333.6639645638	28.9471916188454	0.24551622741593	28.9472439691785	0.353041299834359
		31.0847257196827	-10279.1004219647	28.9553814046723	0.264708496281237	28.9554337550055	0.356074844164442
		31.0929155055096	-10242.2469018217	28.9635711904993	0.284581832171545	28.9636235408324	0.359069870944624
		31.1011052913366	-10506.1206957324	28.9717609763263	0.288170999048142	28.9718133266594	0.362124084617666
		31.1092950771635	-10405.001250593	28.9799507621532	0.291760165924744	28.9800031124863	0.365420127208942
		31.1174848629905	-10013.0035370013	28.9881405479802	0.295748353523123	28.9881928983133	0.368893594004848
		31.1256746488175	-9479.95213980524	28.9963303338072	0.308691390881624	28.9963826841403	0.372429360582215
		31.1338644346444	-9059.45575465678	29.0045201196341	0.308942231953331	29.0045724699672	0.376079305969247
		31.1420542204714	-8849.57070887126	29.0127099054611	0.309193073025027	29.0127622557942	0.37998768802581
		31.1502440062984	-8891.35094977407	29.020899691288	0.348167498020608	29.0209520416212	0.384097761789093
		31.1584337921253	-8929.00725762857	29.029089477115	0.347075048735058	29.0291418274481	0.388172019958954
		31.1666235779523	-9029.03969176709	29.037279262942	0.345982599449507	29.0373316132751	0.392249450599413
		31.1748133637793	-9215.85637688439	29.0454690487689	0.342675855869794	29.045521399102	0.396427538606246
		31.1830031496062	-10792.2103180827	29.0536588345959	0.311093091088542	29.053711184929	0.400769239361495
		31.1911929354332	-11623.8123098946	29.0618486204229	0.302937764450092	29.061900970756	0.405166440725277
		31.1993827212601	-12126.1423483249	29.0700384062498	0.332343304988587	29.0700907565829	0.40956299556976
		31.2075725070871	-9999.96940383591	29.0782281920768	0.341260208674858	29.0782805424099	0.414133864684536
		31.2157622929141	-9014.34747246097	29.0864179779038	0.343444544869091	29.0864703282369	0.418958890596362
		31.223952078741	-8988.78536030074	29.0946077637307	0.342262597317309	29.0946601140638	0.423967348654294
		31.232141864568	-8990.87477557903	29.1027975495577	0.341080649765522	29.1028498998908	0.429079786087693
		31.240331650395	-9032.65436293497	29.1109873353846	0.359325814161009	29.1110396857177	0.434266108115691
		31.2485214362219	-8900.66185000476	29.1191771212116	0.364826365450198	29.1192294715447	0.439495900608479
		31.2567112220489	-8976.46508095515	29.1273669070386	0.370326916739382	29.1274192573717	0.44494793783247
		31.2649010078758	-8922.22612389469	29.1355566928655	0.375027708299388	29.1356090431986	0.450610496519635
		31.2730907937028	-8872.12402585221	29.1437464786925	0.403714361568684	29.1437988290256	0.456352430666547
		31.2812805795298	-8802.12828325417	29.1519362645194	0.404412034067199	29.1519886148526	0.462144509863321
		31.2894703653567	-8788.226083527	29.1601260503464	0.406498510464812	29.1601784006795	0.46791277387413
		31.2976601511837	-9771.37371429103	29.1683158361734	0.407253280753831	29.1683681865065	0.473754855654094
		31.3058499370107	-9661.74323469835	29.1765056220003	0.40800805104285	29.1765579723334	0.479790329359445
		31.3140397228376	-9527.37453454323	29.1846954078273	0.421244931697998	29.1847477581604	0.486006642821086
		31.3222295086646	-9194.16227397709	29.1928851936543	0.423263410036482	29.1929375439874	0.492390142010396
		31.3304192944915	-9143.39793415792	29.2010749794812	0.423809496946868	29.2011273298143	0.498897417798057
		31.3386090803185	-9302.18670198958	29.2092647653082	0.422718668213503	29.2093171156413	0.505386874925848
		31.3467988661455	-9362.73447649709	29.2174545511352	0.421627839480144	29.2175069014683	0.511914896555784
		31.3549886519724	-9323.66592245773	29.2256443369621	0.434956079586221	29.2256966872952	0.518573317793887
				29.2338341227891	0.448131805840082	29.2338864731222	0.52540253286294
				29.242023908616	0.451526064324385	29.2420762589492	0.532449034983406
				29.250213694443	0.454323222686686	29.2502660447761	0.539725818757589
				29.25840348027	0.454775475982971	29.2584558306031	0.5472653937836
				29.2665932660969	0.455227729279261	29.26664561643	0.554908920831686
				29.2747830519239	0.461231533061835	29.274835402257	0.56253824365571
				29.2829728377509	0.474744360090775	29.283025188084	0.570200852946078
				29.2911626235778	0.499200668882857	29.2912149739109	0.577924322713374
				29.2993524094048	0.505794868877635	29.2994047597379	0.585709658502439
				29.3075421952317	0.507750530100489	29.3075945455649	0.59357830822427
				29.3157319810587	0.509706191323348	29.3157843313918	0.601533717874488
				29.3239217668857	0.523714505572842	29.3239741172188	0.609590901377465
				29.3321115527126	0.54824958907108	29.3321639030457	0.617742899361112
				29.3403013385396	0.552468329653993	29.3403536888727	0.625984707835415
				29.3484911243666	0.559958924884419	29.3485434746997	0.634405591019932
				29.3566809101935	0.580144102402924	29.3567332605266	0.642976790403209
				29.3648706960205	0.58472071687133	29.3649230463536	0.651587570937502
				29.3730604818474	0.581749214446867	29.3731128321806	0.660182935038324
				29.3812502676744	0.578777712022398	29.3813026180075	0.668788414724166
				29.3894400535014	0.585780881533664	29.3894924038345	0.677505813195216
				29.3976298393283	0.593566951379807	29.3976821896614	0.686349673792963
				29.4058196251553	0.610604754812636	29.4058719754884	0.695260851791888
				29.4140094109823	0.630716049128451	29.4140617613154	0.704081249991153
				29.4221991968092	0.640628604240384	29.4222515471423	0.712858319245213
				29.4303889826362	0.650541159352316	29.4304413329693	0.72177521914792
				29.4385787684631	0.670741876825796	29.4386311187963	0.73072052719688
				29.4467685542901	0.697524330477577	29.4468209046232	0.739550530346646
				29.4549583401171	0.704620457408244	29.4550106904502	0.748313989047165
				29.463148125944	0.699780276304073	29.4632004762771	0.757100711349266
				29.471337911771	0.694940095199901	29.4713902621041	0.765824098018628
				29.479527697598	0.70275002996971	29.4795800479311	0.774391418256084
				29.4877174834249	0.70492401547136	29.487769833758	0.782884567614855
				29.4959072692519	0.707098000973009	29.495959619585	0.791395262824593
				29.5040970550789	0.759615185517557	29.504149405412	0.79990408656961
				29.5122868409058	0.793378814286061	29.5123391912389	0.808326182421471
				29.5204766267328	0.794218347316481	29.5205289770659	0.816568792088072
				29.5286664125597	0.78340561254979	29.5287187628928	0.824722436238882
				29.5368561983867	0.7725928777831	29.5369085487198	0.832767229183298
				29.5450459842137	0.763149593772223	29.5450983345468	0.840613060699442
				29.5532357700406	0.783100843789488	29.5532881203737	0.848377084639567
				29.5614255558676	0.805549611193269	29.5614779062007	0.856083578343071
				29.5696153416946	0.81277020334288	29.5696676920277	0.86365710014588
				29.5778051275215	0.80583717114793	29.5778574778546	0.871061547166528
				29.5859949133485	0.798904138952985	29.5860472636816	0.878329271585923
				29.5941846991754	0.805279647902196	29.5942370495086	0.885336938725012
				29.6023744850024	0.845994274066019	29.6024268353355	0.892019103002638
				29.6105642708294	0.860608769716466	29.6106166211625	0.898561117281441
				29.6187540566563	0.864241517025094	29.6188064069894	0.904980559272615
				29.6269438424833	0.867874264333716	29.6269961928164	0.91112997086034
				29.6351336283103	0.875397350881054	29.6351859786434	0.916990683216505
				29.6433234141372	0.876301509471337	29.6433757644703	0.922600270853476
				29.6515131999642	0.869012862835596	29.6515655502973	0.928068651520284
				29.6597029857911	0.861724216199859	29.6597553361242	0.933468442296466
				29.6678927716181	0.880075149517777	29.6679451219512	0.938781704475772
				29.6760825574451	0.891290738330556	29.6761349077782	0.94391804345427
				29.684272343272	0.90250632714334	29.6843246936051	0.948810394836897
				29.692462129099	0.90295501089677	29.6925144794321	0.953443308431786
				29.700651914926	0.935414127302737	29.7007042652591	0.957820383238451
				29.7088417007529	0.937770543617963	29.708894051086	0.961902975580126
				29.7170314865799	0.935422464509276	29.717083836913	0.965698737094414
				29.7252212724068	0.933074385400579	29.72527362274	0.969387137395465
				29.7334110582338	0.937426662981182	29.7334634085669	0.97291184860746
				29.7416008440608	0.933363325270972	29.7416531943939	0.976262765932054
				29.7497906298877	0.92929998756075	29.7498429802208	0.979434512181265
				29.7579804157147	0.917139928297191	29.7580327660478	0.982418227946459
				29.7661702015417	0.93439144007331	29.7662225518748	0.985168390652183
				29.7743599873686	0.941412574442852	29.7744123377017	0.987529175198435
				29.7825497731956	0.948433708812399	29.7826021235287	0.989617420811254
				29.7907395590225	0.951589464913048	29.7907919093557	0.991477051860067
				29.7989293448495	0.952520566415502	29.7989816951826	0.993089110341304
				29.8071191306765	0.952795420185044	29.8071714810096	0.994461564977952
				29.8153089165034	0.953070273954585	29.8153612668365	0.995659453815546
				29.8234987023304	0.956546861209344	29.8235510526635	0.996751483448918
				29.8316884881574	0.957218979952897	29.8317408384905	0.997687630556778
				29.8398782739843	0.95404407362702	29.8399306243174	0.998483446021501
				29.8480680598113	0.950869167301133	29.8481204101444	0.999176936934085
				29.8562578456383	0.943847235905817	29.8563101959714	0.999711441215106
				29.8644476314652	0.954129457564194	29.8644999817983	0.999967178642629
				29.8726374172922	0.965594921400232	29.8726897676253	1
				29.8808272031191	0.981347905352869	29.8808795534522	0.999912093314023
				29.8890169889461	1	29.8890693392792	0.999703548189665
				29.8972067747731	0.997907175766847	29.8972591251062	0.999280952737681
				29.9053965606	0.995814351533704	29.9054489109331	0.998620696675989
				29.913586346427	0.936852633757599	29.9136386967601	0.997842671226234
				29.921776132254	0.929497378372715	29.9218284825871	0.996982626359319
				29.9299659180809	0.941103942823218	29.930018268414	0.995938648862872
				29.9381557039079	0.941567781423384	29.938208054241	0.994681115771372
				29.9463454897348	0.940350747431116	29.9463978400679	0.993315762175915
				29.9545352755618	0.939133713438847	29.9545876258949	0.991897786357634
				29.9627250613888	0.93000439410839	29.9627774117219	0.990413937375461
				29.9709148472157	0.920875074777933	29.9709671975488	0.988863504071478
				29.9791046330427	0.918708684176398	29.9791569833758	0.987197053702254
				29.9872944188697	0.921379715371147	29.9873467692028	0.985341787953398
				29.9954842046966	0.922694057929039	29.9955365550297	0.983358014223099
				30.0036739905236	0.908378211117202	30.0037263408567	0.981311717583991
				30.0118637763505	0.894062364305369	30.0119161266837	0.979217694589348
				30.0200535621775	0.897973998201316	30.0201059125106	0.977093819574546
				30.0282433480045	0.906631004093116	30.0282956983376	0.974877184976341
				30.0364331338314	0.905613028822102	30.0364854841645	0.972470312839628
				30.0446229196584	0.904595053551088	30.0446752699915	0.969812001997084
				30.0528127054854	0.889867070394471	30.0528650558185	0.966948698838054
				30.0610024913123	0.904351437785094	30.0610548416454	0.963999087992409
				30.0691922771393	0.911502487518953	30.0692446274724	0.961010136794959
				30.0773820629662	0.910953800268053	30.0774344132994	0.958052396285887
				30.0855718487932	0.910405113017147	30.0856241991263	0.955047196252642
				30.0937616346202	0.902759376901445	30.0938139849533	0.951849063901143
				30.1019514204471	0.895113640785743	30.1020037707802	0.948609605110886
				30.1101412062741	0.875513544633818	30.1101935566072	0.945367386294671
				30.1183309921011	0.863347373890182	30.1183833424342	0.942062878476487
				30.126520777928	0.861225319622528	30.1265731282611	0.938709149188541
				30.134710563755	0.859103265354874	30.1347629140881	0.935302539516135
				30.1429003495819	0.853947589274245	30.1429526999151	0.931919295828965
				30.1510901354089	0.845603485920907	30.151142485742	0.928572649571087
				30.1592799212359	0.849442304095357	30.159332271569	0.925155910687341
				30.1674697070628	0.84979175253579	30.1675220573959	0.921640577232133
				30.1756594928898	0.841499578376271	30.1757118432229	0.918093008439854
				30.1838492787168	0.833207404216746	30.1839016290499	0.914548840339879
				30.1920390645437	0.831154101547559	30.1920914148768	0.910924283052329
				30.2002288503707	0.824226129974036	30.2002812007038	0.907232508669688
				30.2084186361976	0.830494971374775	30.2084709865308	0.903472654781405
				30.2166084220246	0.825989807183011	30.2166607723577	0.89963442549853
				30.2247982078516	0.821484642991252	30.2248505581847	0.895794423714002
				30.2329879936785	0.807013058184074	30.2330403440116	0.891931069627689
				30.2411777795055	0.801842461563289	30.2412301298386	0.888097988985497
				30.2493675653325	0.820427253174718	30.2494199156656	0.884332471884632
				30.2575573511594	0.828905493851565	30.2576097014925	0.880662322344446
				30.2657471369864	0.825920974762969	30.2657994873195	0.87703381610354
				30.2739369228134	0.822936455674384	30.2739892731465	0.873389354720146
				30.2821267086403	0.814716698979695	30.2821790589734	0.869709140515556
				30.2903164944673	0.806534730071663	30.2903688448004	0.86595666282411
				30.2985062802942	0.781369075216007	30.2985586306273	0.862071498523673
				30.3066960661212	0.77053365533123	30.3067484164543	0.858063617630948
				30.3148858519482	0.764518512166635	30.3149382022813	0.8540970792677
				30.3230756377751	0.758503369002045	30.3231279881082	0.850119093627587
				30.3312654236021	0.745707372094969	30.3313177739352	0.846031446507298
				30.339455209429	0.758578518396714	30.3395075597622	0.841892788190143
				30.347644995256	0.760996372837135	30.3476973455891	0.837815480626793
				30.355834781083	0.76142944020716	30.3558871314161	0.833829847520646
				30.3640245669099	0.756005643637067	30.364076917243	0.829963466414841
				30.3722143527369	0.750581847066974	30.37226670307	0.82616606972278
				30.3804041385639	0.736957528929732	30.380456488897	0.822310788561954
				30.3885939243908	0.734683172249712	30.3886462747239	0.81843923049086
				30.3967837102178	0.737568236402841	30.3968360605509	0.81459387428594
				30.4049734960448	0.737736997542274	30.4050258463779	0.8107341126782
				30.4131632818717	0.736371698272563	30.4132156322048	0.806857515234318
				30.4213530676987	0.735006399002863	30.4214054180318	0.803008589479252
				30.4295428535256	0.732451409735767	30.4295952038588	0.799177342798815
				30.4377326393526	0.729896420468665	30.4377849896857	0.795412478471099
				30.4459224251796	0.719719070498456	30.4459747755127	0.791823104058536
				30.4541122110065	0.735291579001686	30.4541645613396	0.788344160069189
				30.4623019968335	0.737436003693611	30.4623543471666	0.784789700840484
				30.4704917826605	0.727862833370133	30.4705441329936	0.781238324840132
				30.4786815684874	0.718289663046655	30.4787339188205	0.777759306204061
				30.4868713543144	0.697908956952629	30.4869237046475	0.774273003362318
				30.4950611401413	0.679742690734918	30.4951134904745	0.77066869140644
				30.5032509259683	0.68466758413004	30.5033032763014	0.766975563185308
				30.5114407117953	0.74486944717245	30.5114930621284	0.763317116042199
				30.5196304976222	0.736720770084691	30.5196828479553	0.759713708790922
				30.5278202834492	0.728572092996927	30.5278726337823	0.756105320742169
				30.5360100692762	0.705636312388041	30.5360624196093	0.752580163983296
				30.5441998551031	0.688627922461868	30.5442522054362	0.749178251597057
				30.5523896409301	0.686233684850722	30.5524419912632	0.745875501632592
				30.560579426757	0.686563224347736	30.5606317770902	0.742617039291961
				30.568769212584	0.675044983302255	30.5688215629171	0.739442328909852
				30.576958998411	0.663526742256774	30.5770113487441	0.736314189380806
				30.5851487842379	0.634564571470227	30.585201134571	0.733072471414567
				30.5933385700649	0.625046749931678	30.593390920398	0.729656601843468
				30.6015283558919	0.677634260359877	30.601580706225	0.726255798007334
				30.6097181417188	0.691887749703928	30.6097704920519	0.722970603185673
				30.6179079275458	0.706141239047985	30.6179602778789	0.719752424936223
				30.6260977133727	0.715472610234143	30.6261500637059	0.71645246628669
				30.6342874991997	0.706148600737308	30.6343398495328	0.713075269312494
				30.6424772850267	0.696824591240474	30.6425296353598	0.709741207518001
				30.6506670708536	0.671096033832978	30.6507194211867	0.706469136799352
				30.6588568566806	0.636819500346335	30.6589092070137	0.703234649969024
				30.6670466425076	0.636799349875551	30.6670989928407	0.700010138508507
				30.6752364283345	0.632874866680116	30.6752887786676	0.696794635616963
				30.6834262141615	0.662262557621346	30.6834785644946	0.693428470289331
				30.6916159999884	0.669774011214267	30.6916683503216	0.689916202754981
				30.6998057858154	0.643492789578659	30.6998581361485	0.686438914448252
				30.7079955716424	0.617211567943057	30.7080479219755	0.682977516134653
				30.7161853574693	0.594974297607666	30.7162377078024	0.679527998299818
				30.7243751432963	0.597029030351141	30.7244274936294	0.676119579823163
				30.7325649291233	0.593560882244283	30.7326172794564	0.672747534516539
				30.7407547149502	0.590092734137419	30.7408070652833	0.669502964438878
				30.7489445007772	0.593360470834271	30.7489968511103	0.666406708012843
				30.7571342866042	0.61276308978837	30.7571866369373	0.663410799216468
				30.7653240724311	0.618085618924065	30.7653764227642	0.660352062479682
				30.7735138582581	0.612978647482001	30.7735662085912	0.657196932292697
				30.781703644085	0.607871676039942	30.7817559944182	0.654045384071831
				30.789893429912	0.606150840916563	30.7899457802451	0.65095814434619
				30.798083215739	0.604430005793173	30.7981355660721	0.648022165683207
				30.8062730015659	0.577212944788516	30.806325351899	0.645192265321997
				30.8144627873929	0.562727998092559	30.814515137726	0.64236090528353
				30.8226525732199	0.556041948753876	30.822704923553	0.639549363610057
				30.8308423590468	0.552400291658743	30.8308947093799	0.636787996907764
				30.8390321448738	0.56717730071206	30.8390844952069	0.634103688001334
				30.8472219307007	0.560968220578071	30.8472742810338	0.631534241565489
				30.8554117165277	0.554759140444083	30.8554640668608	0.629017536591185
				30.8636015023547	0.538855688213196	30.8636538526878	0.626497865959554
				30.8717912881816	0.536295071095168	30.8718436385147	0.623908887504572
				30.8799810740086	0.547106500877797	30.8800334243417	0.621173391362609
				30.8881708598356	0.548438216916139	30.8882232101687	0.618336779660666
				30.8963606456625	0.538471251633986	30.8964129959956	0.615471595963043
				30.9045504314895	0.528504286351837	30.9046027818226	0.612684922501597
				30.9127402173164	0.540232599510918	30.9127925676496	0.609960329418735
				30.9209300031434	0.546766051892394	30.9209823534765	0.607217084503988
				30.9291197889704	0.551925950191345	30.9291721393035	0.604474112847542
				30.9373095747973	0.545276074268217	30.9373619251304	0.601783679636578
				30.9454993606243	0.538626198345077	30.9455517109574	0.599133796782575
				30.9536891464513	0.534152037564783	30.9537414967844	0.596468022847899
				30.9618789322782	0.518779655138137	30.9619312826113	0.59378552486484
				30.9700687181052	0.51679560472648	30.9701210684383	0.591199613836927
				30.9782585039321	0.514811554314829	30.9783108542653	0.588671035013676
				30.9864482897591	0.508202347414638	30.9865006400922	0.586097002949101
				30.9946380755861	0.499136671359193	30.9946904259192	0.583557734197331
				31.002827861413	0.518151715664023	31.0028802117461	0.58105142738548
				31.01101764724	0.539017938357113	31.0110699975731	0.578459626377184
				31.019207433067	0.530890428967328	31.0192597834001	0.575837254695247
				31.0273972188939	0.522762919577542	31.027449569227	0.573324161651044
				31.0355870047209	0.493065110393473	31.035639355054	0.570892047712999
				31.0437767905478	0.495632913286949	31.043829140881	0.568464279826426
				31.0519665763748	0.492196037016662	31.0520189267079	0.566002867134027
				31.0601563622018	0.48875916074638	31.0602087125349	0.563570791156119
				31.0683461480287	0.4867543750099	31.0683984983618	0.561083171458854
				31.0765359338557	0.487068813222461	31.0765882841888	0.558549162702707
				31.0847257196827	0.482144704558368	31.0847780700158	0.556137086739783
				31.0929155055096	0.477220595894269	31.0929678558427	0.553827442876285
				31.1011052913366	0.482475613881828	31.1011576416697	0.551583352312409
				31.1092950771635	0.481399159957199	31.1093474274967	0.549436884737036
				31.1174848629905	0.480322706032564	31.1175372133236	0.547292937157902
				31.1256746488175	0.465356720978881	31.1257269991506	0.545047886320281
				31.1338644346444	0.465497963471606	31.1339167849775	0.54280294755253
				31.1420542204714	0.464240275320365	31.1421065708045	0.540641936399738
				31.1502440062984	0.46298258716913	31.1502963566315	0.538520526251142
				31.1584337921253	0.463197049453381	31.1584861424584	0.536423375319134
				31.1666235779523	0.462407725930021	31.1666759282854	0.53428220446118
				31.1748133637793	0.461618402406667	31.1748657141124	0.532093204580622
				31.1830031496062	0.47986416469236	31.1830554999393	0.529926407252317
				31.1911929354332	0.514638149753828	31.1912452857663	0.527733075003202
				31.1993827212601	0.505953080751826	31.1994350715932	0.525564503839766
				31.2075725070871	0.497268011749823	31.2076248574202	0.523384003859361
				31.2157622929141	0.473394305223227	31.2158146432472	0.521092490314946
				31.223952078741	0.447583683579657	31.2240044290741	0.518866695701295
				31.232141864568	0.447392107616638	31.2321942149011	0.516729098107091
				31.240331650395	0.447200531653608	31.2403840007281	0.514629446303576
				31.2485214362219	0.446507716438619	31.248573786555	0.51243433471117
				31.2567112220489	0.447580742512765	31.256763572382	0.510265016186324
				31.2649010078758	0.440200444833014	31.2649533582089	0.508192756708531
				31.2730907937028	0.432820147153263	31.2731431440359	0.506213104991458
				31.2812805795298	0.427488985403751	31.2813329298629	0.504310909002287
				31.2894703653567	0.420542340036589	31.2895227156898	0.502445766401308
				31.2976601511837	0.43312892377805	31.2977125015168	0.500480374329196
				31.3058499370107	0.434534949761631	31.3059022873438	0.49840510110524
				31.3140397228376	0.431670550711518	31.3140920731707	0.496313034309172
				31.3222295086646	0.42880615166141	31.3222818589977	0.494319696495974
				31.3304192944915	0.431158753693132	31.3304716448247	0.492406677058059
				31.3386090803185	0.440365013224247	31.3386614306516	0.490496086323871
				31.3467988661455	0.436698499337273	31.3468512164786	0.488486444878476
				31.3549886519724	0.433031985450293	31.3550410023055	0.486405296950912
				31.3631784377994	0.415992446749921	31.3632307881325	0.484409814377752
				31.3713682236264	0.422285350275775	31.3714205739595	0.482475414061297
				31.3795580094533	0.42642729583872	31.3796103597864	0.480490937691263
				31.3877477952803	0.43056924140166	31.3878001456134	0.478479743320582
				31.3959375811072	0.451260819844931	31.3959899314404	0.476539181994519
				31.4041273669342	0.442972663796142	31.4041797172673	0.474667395938387
				31.4123171527612	0.434684507747348	31.4123695030943	0.47282884563925
				31.4205069385881	0.407229322291277	31.4205592889212	0.470938158724831
				31.4286967244151	0.390198304223207	31.4287490747482	0.469114389395047
				31.4368865102421	0.387389323553689	31.4369388605752	0.467417450627487
				31.445076296069	0.384580342884177	31.4451286464021	0.465802140090145
				31.453266081896	0.419982700559096	31.4533184322291	0.464230836014876
				31.4614558677229	0.414136375341061	31.4615082180561	0.462662299213709
				31.4696456535499	0.408290050123031	31.469698003883	0.460986054256159
				31.4778354393769	0.395824171097419	31.47788778971	0.459314835763861
				31.4860252252038	0.391453727918892	31.4860775755369	0.457677286732021
				31.4942150110308	0.379095092571113	31.4942673613639	0.455944435643062
				31.5024047968578	0.382172760652162	31.5024571471909	0.454156728747499
				31.5105945826847	0.405653394117533	31.5106469330178	0.452453832157754
				31.5187843685117	0.41215063021037	31.5188367188448	0.450788199648968
				31.5269741543386	0.41335148085687	31.5270265046718	0.449034930184001
				31.5351639401656	0.39292908105477	31.5352162904987	0.447294317061719
				31.5433537259926	0.372506681252674	31.5434060763257	0.445554957195998
				31.5515435118195	0.37977001037306	31.5515958621526	0.443795828396568
				31.5597332976465	0.381651129570541	31.5597856479796	0.442077100241177
				31.5679230834735	0.383532248768022	31.5679754338066	0.44038829253714
				31.5761128693004	0.392389838860379	31.5761652196335	0.438655505341213
				31.5843026551274	0.391889833158827	31.5843550054605	0.436805843043113
				31.5924924409544	0.391389827457281	31.5925447912875	0.434967957258348
				31.6006822267813	0.387961165671713	31.6007345771144	0.433155528027023
				31.6088720126083	0.363194471738781	31.6089243629414	0.431384726425289
				31.6170617984352	0.359205960133373	31.6171141487683	0.429667220750725
				31.6252515842622	0.355217448527971	31.6253039345953	0.427999132236584
				31.6334413700892	0.346740472076794	31.6334937204223	0.42636361654185
				31.6416311559161	0.349254225250522	31.6416835062492	0.424733249531473
				31.6498209417431	0.350350099561584	31.6498732920762	0.423119228870376
				31.6580107275701	0.351445973872641	31.6580630779032	0.421425105411871
				31.666200513397	0.359229768194421	31.6662528637301	0.419682961357884
				31.674390299224	0.362990502772328	31.6744426495571	0.41791373278215
				31.6825800850509	0.355144763596501	31.6826324353841	0.416167503711723
				31.6907698708779	0.347299024420679	31.690822221211	0.414539743991987
				31.6989596567049	0.346524818308607	31.699012007038	0.412980755424193
				31.7071494425318	0.381690327159446	31.7072017928649	0.411475353582825
				31.7153392283588	0.375264037361831	31.7153915786919	0.409971303105288
				31.7235290141858	0.368837747564215	31.7235813645189	0.408453729357613
				31.7317188000127	0.347841264268566	31.7317711503458	0.406986626111453
				31.7399085858397	0.34505813095805	31.7399609361728	0.405565539027857
				31.7480983716666	0.342274997647534	31.7481507219998	0.404129963018751
				31.7562881574936	0.330180808064333	31.7563405078267	0.402628900939838
				31.7644779433206	0.330651464197712	31.7645302936537	0.401220342488743
				31.7726677291475	0.328384625985471	31.7727200794806	0.399899792919844
				31.7808575149745	0.32611778777323	31.7809098653076	0.398652567727873
				31.7890473008015	0.32455269751608	31.7890996511346	0.397451118818236
				31.7972370866284	0.322987607258936	31.7972894369615	0.396216815182111
				31.8054268724554	0.319775194760908	31.8054792227885	0.394930526931052
				31.8136166582823	0.335999431057765	31.8136690086154	0.393528364880406
				31.8218064441093	0.335595768284274	31.8218587944424	0.392030809470292
				31.8299962299363	0.335192105510772	31.8300485802694	0.390467228669875
				31.8381860157632	0.332038019983774	31.8382383660963	0.388988855345922
				31.8463758015902	0.325697146143506	31.8464281519233	0.387564910230813
				31.8545655874172	0.331196700730056	31.8546179377503	0.386189683518368
				31.8627553732441	0.322871024419158	31.8628077235772	0.384857070721692
				31.8709451590711	0.314545348108259	31.8709975094042	0.383574594093354
				31.879134944898	0.311617865233082	31.8791872952312	0.382301936828706
				31.887324730725	0.325680707144987	31.8873770810581	0.380987665607911
				31.895514516552	0.339743549056893	31.8955668668851	0.379483879031467
				31.9037043023789	0.338846433210178	31.903756652712	0.377922196814418
				31.9118940882059	0.337949317363469	31.911946438539	0.376408971421009
				31.9200838740329	0.329152386121966	31.920136224366	0.374978905489417
				31.9282736598598	0.327783847968127	31.9283260101929	0.373624758168108
				31.9364634456868	0.326415309814299	31.9365157960199	0.372338195335003
				31.9446532315137	0.322968326660888	31.9447055818469	0.371109501849853
				31.9528430173407	0.324509835294177	31.9528953676738	0.369906855129697
				31.9610328031677	0.330506485907623	31.9610851535008	0.368703232843352
				31.9692225889946	0.336503136521075	31.9692749393277	0.367506097357361
				31.9774123748216	0.338782577062473	31.9774647251547	0.366322120092937
				31.9856021606486	0.339251720474055	31.9856545109817	0.365097409313548
				31.9937919464755	0.336887507074613	31.9938442968086	0.36388487819978
				32.0019817323025	0.33452329367516	32.0020340826356	0.362718047806756
				32.0101715181295	0.316011288617483	32.0102238684626	0.36158967436904
				32.0183613039564	0.298390657012756	32.0184136542895	0.360485602085583
				32.0265510897834	0.286294623246469	32.0266034401165	0.359399025312924
				32.0347408756103	0.269519541364556	32.0347932259435	0.358262279428419
				32.0429306614373	0.280495269610727	32.0429830117704	0.357131749148994
				32.0511204472643	0.288644606754993	32.0511727975974	0.356051419383669
				32.0593102330912	0.288086638975046	32.0593625834243	0.354990229250406
				32.0675000189182	0.2875286711951	32.0675523692513	0.353850146481437
				32.0756898047452	0.283243566582763	32.0757421550783	0.352643941041066
				32.0838795905721	0.289704487798903	32.0839319409052	0.3514036504442
				32.0920693763991	0.285110633716119	32.0921217267322	0.350209961428702
				32.100259162226	0.28051677963333	32.1003115125592	0.349041843578175
				32.108448948053	0.246852424122068	32.1085012983861	0.347785370339425
				32.11663873388	0.254590783329419	32.1166910842131	0.346482206274113

