
Last position-specific scoring matrix computed, weighted observed percentages rounded down, information per position, and relative weight of gapless real matches to pseudocounts
           A  R  N  D  C  Q  E  G  H  I  L  K  M  F  P  S  T  W  Y  V   A   R   N   D   C   Q   E   G   H   I   L   K   M   F   P   S   T   W   Y   V
    1 T   -2 -4 -2 -3 -3 -3 -3 -4 -4 -4 -4 -3 -3 -5 -4  3  7 -5 -4 -3    0   0   0   0   0   0   0   0   0   0   0   0   0   0   0  24  76   0   0   0  1.55 1.28
    2 F   -1 -4 -3 -6 -4 -4 -5 -6 -3  3  1 -3  2  5 -6 -4 -3 -4  1  3    4   0   1   0   0   0   0   0   0  20  14   1   4  25   0   0   1   0   5  23  0.81 1.52
    3 T   -2  1  4 -1 -5  1 -3 -4  0 -3 -3  0 -2 -6  3  1  3 -6 -5 -2    2   7  22   3   0   6   0   0   2   1   3   6   1   0  17   9  19   0   0   3  0.60 1.59
    4 V   -1 -6 -6 -6  6 -5 -6 -6 -6  2  0 -5 -2  1 -6 -4 -2 -5 -2  6    4   0   0   0  15   0   0   0   0  12   6   0   1   5   0   0   2   0   1  55  1.20 1.61
    5 R   -4  6 -2 -2  0  1 -1 -5 -1 -4 -3  5 -4 -4 -5 -2 -1  1 -3 -3    0  38   1   1   2   6   2   0   1   1   2  35   0   0   0   1   4   2   1   1  1.06 1.69
    6 I   -3 -5 -4 -6 -4 -5 -5 -6 -6  4 -1 -5 -1 -2 -5 -5 -3 -5 -4  7    1   0   1   0   0   0   0   0   0  21   2   0   1   1   0   0   0   0   0  72  1.52 1.65
    7 V   -2  0 -1 -5  2  1 -3 -4  1  2  1 -1  0 -3 -5 -1  4 -5 -3  0    2   5   2   0   4   6   1   1   4  14  13   4   3   1   0   3  29   0   0   7  0.45 1.73
    8 T   -3 -2 -5 -4 -3 -4 -5 -4 -2 -2  4 -4  4  1 -4 -2  4 -5 -2 -2    1   2   0   1   0   1   0   1   1   1  47   1  10   6   0   2  24   0   1   1  0.87 1.75
    9 M   -3 -5 -6 -1 -3 -3 -2 -6 -4 -1  5 -4  6 -1 -1 -4 -4 -5 -2 -2    2   0   0   4   0   1   3   0   0   2  61   1  18   1   3   0   0   0   1   1  1.13 1.74
   10 D   -5 -5  0  8 -7 -2  1 -3 -4 -6 -4 -4 -6 -7 -5 -2 -3 -7 -6 -4    0   0   3  84   0   1   5   1   0   0   2   0   0   0   0   2   1   0   0   1  1.99 1.76
   11 A    2  1 -1  1 -2 -2 -1  3 -4 -5 -4 -3 -5 -4 -4  3  1 -6 -3 -4   19   7   3   8   1   1   3  20   0   0   2   1   0   1   0  25   8   0   1   1  0.54 1.79
   12 E   -3  0 -2  3 -3  1  5 -4 -1 -4 -5  0 -3 -4 -5  0  2 -6 -4 -1    1   4   1  15   0   6  39   0   1   1   0   5   0   1   0   7  12   0   0   5  0.76 1.82
   13 M   -3 -2 -4 -5 -1  0 -3 -5  0  1  4 -2  3  0 -5 -3 -2 -4  2  2    1   2   1   1   1   5   2   1   2   7  41   3   8   3   0   1   3   0   7  12  0.62 1.76
   14 E   -3 -3  0  2 -2  0  6 -4 -1 -1 -3 -2  0 -4 -3  0  1 -6 -3 -2    1   1   4  11   1   3  48   1   1   4   3   1   2   1   1   6   8   0   1   3  0.79 1.77
   15 F   -4 -4 -6 -5  4 -2 -5 -3 -2  2  0 -5 -1  7 -5 -4 -3 -1  1  0    1   1   0   1   8   2   1   2   1   9   9   0   1  51   1   1   2   0   3   7  1.18 1.78
   16 N    1 -2  2  1 -2  1  3 -3  1 -2 -1 -1 -2 -3 -1  2  1 -5 -1 -1   10   1   8   9   1   7  18   2   3   2   5   3   1   1   3  13   8   0   2   4  0.26 1.76
   17 C   -3 -5 -6 -6  5 -4 -6 -5 -6  4  2 -4  0  1 -4 -4 -3 -5 -2  4    2   0   0   0  13   1   0   1   0  27  16   1   2   5   1   1   1   0   2  27  0.92 1.74
   18 E   -3 -2 -1  2 -3  5  4 -3  1 -6 -4  0 -3 -6  1  0 -1 -2 -3 -4    1   1   3  13   1  25  27   2   3   0   2   5   1   0   6   7   3   1   1   1  0.74 1.78
   19 M   -2  2 -2 -2 -2  1 -2 -3  1 -3 -3  4 -2 -3  4  0 -1  0 -3 -1    3  10   2   2   1   7   2   1   3   1   2  25   1   1  22   7   3   1   1   6  0.56 1.66
   20 K   -2  3  2  0 -5 -1  0 -3  3 -5 -4  5 -1 -2 -4  1 -1 -5 -2 -3    2  14   9   5   0   2   4   2   6   0   2  35   1   2   0   8   4   0   1   1  0.64 1.60
   21 W    4 -2 -2 -2  2 -2 -4 -1  0 -1  0 -2 -1 -2 -4  2  2  1 -2 -1   33   2   2   3   4   1   0   4   2   3  11   1   1   1   0  13  12   2   1   4  0.38 1.58
   22 K   -2  0 -1 -2 -1 -1 -2 -4 -1 -2  1  4  1 -1  0 -1  3 -4  0 -2    2   5   3   2   2   1   2   1   1   2  13  27   3   3   5   4  18   0   4   3  0.37 1.53
   23 G    0 -1 -3 -4  0 -4 -4  6 -4 -5 -5 -4 -4 -5 -1 -1 -1 -5 -5 -1    6   4   0   0   2   0   0  69   0   0   1   0   0   0   3   4   3   0   0   5  1.28 1.46
   24 K   -1  1 -1 -2  0  5  0 -2  0 -2 -2  3  0 -2 -4  1 -2  0 -2 -2    4   7   3   2   2  29   5   3   2   2   4  16   2   1   0   9   2   2   2   3  0.47 1.64
   25 D   -1 -2 -1  3 -4  2  3 -2  0  0 -1 -2  0  0 -4 -1  0  1  0  0    4   2   2  16   0  11  17   2   2   4   5   2   2   3   0   5   5   2   4   8  0.25 1.48
   26 L   -2 -1 -5 -5  2 -4 -5 -5 -5  1  5 -4  1  0 -1 -2 -3 -4 -3  0    4   3   0   0   4   0   0   1   0   6  61   0   3   4   3   4   0   0   0   5  0.86 1.48
   27 F    0  1 -4 -4  3 -3 -4 -4  3  1  0  0  3  1 -4  0  0  5  2  0    7   7   0   0   7   0   0   0   7   7   7   7   7   7   0   7   7   7   7   7  0.33 1.45
   28 D   -2 -2  1  6  0 -1  2 -2  0 -2 -3  0 -1 -2 -4  0  0 -5  0 -3    3   2   6  40   2   2  11   2   2   2   2   5   2   2   0   6   5   0   3   2  0.64 1.75
   29 L   -1  0  1  0 -5  1  0 -1  2  0 -1  0  2  1 -5  0  0  4  1  0    6   6   5   6   0   5   6   6   5   6   6   6   5   5   0   6   6   5   5   6  0.13 1.89
   30 V    1 -3 -3 -4  4 -3 -3  1 -4  2  1 -3  3 -3 -3  1  1 -4 -3  1   11   1   0   1  10   0   1  11   0  11  11   1  10   0   1  11  11   0   0  11  0.34 0.90
   31 C   -1 -1 -1 -4  8 -3 -4 -2  1  0 -2 -1  1  1 -4  0 -1  3  1  0    5   3   3   0  32   0   1   4   3   4   4   3   4   5   0   9   3   3   5   7  0.70 1.28
   32 R   -1  2  1  2  0  1  1  0  1 -3 -3  2 -4 -2 -2  1 -1 -4  2 -3    5  12   5   9   2   6   8   6   4   2   2  11   0   2   2  10   3   0   8   2  0.22 1.61
   33 T   -2 -1  0 -1  1  1 -2 -2  8 -2 -3 -1 -1 -1 -2  0  2 -4  1 -3    4   3   4   4   3   5   2   3  36   2   3   3   2   2   2   6  11   0   5   2  0.78 1.61
   34 L    0 -4  1 -4  3  1  0 -4  3  0 -1  0  2  1 -4  0  0  4  2  0    6   0   6   0   6   6   6   0   6   6   6   6   6   6   0   6   6   6   6   6  0.25 1.67
   35 G   -2  1  3  2  0  0  1  3  1 -3 -5  1 -4 -5 -2  0 -2 -5 -4 -4    3   7  13  11   2   3   9  25   3   2   1  10   0   0   2   5   2   0   0   0  0.44 1.34
   36 L   -1 -4 -4 -4  1 -4 -1 -5 -4  1  5 -2  2 -3 -4 -4 -1 -4 -4  2    6   0   0   0   3   0   6   1   0   7  52   3   6   0   0   1   3   0   0  11  0.71 1.33
   37 R   -2  2  0 -2 -1 -1  0 -3 -1  1  1  2 -1 -1  2 -1  0  0 -2  0    3  13   4   2   1   2   5   2   2   9  12  15   2   2   9   3   6   1   1   5  0.18 1.34
   38 E    1  2 -2  2 -4  2  1 -3  4 -4 -4  2 -3 -3 -3  1 -2 -3  3 -3   11  11   0  11   0  10  11   1  10   1   1  11   0   0   1  11   1   0  10   1  0.41 0.90
   39 T   -2  1  1 -1  1 -1 -1 -2  0 -1 -2  3  1  0  1 -1  0 -4  0  1    3   8   8   3   3   3   3   3   3   4   4  18   3   3   6   3   6   0   3  12  0.18 1.45
   40 W   -3 -3 -2  5 -2 -1  2 -3  1 -3 -4 -2 -4  1 -2 -1 -2  7 -1 -3    2   1   1  36   1   1  16   1   4   1   1   2   0   7   2   4   2  15   2   1  0.85 1.19
   41 F   -4 -4 -4 -4  1 -4 -4 -4 -1 -1 -2 -4 -3  5 -4 -4 -3  2  8 -3    1   1   0   1   4   0   1   1   0   3   2   1   0  20   1   1   1   2  60   1  1.58 1.19
   42 F   -4 -4 -4 -5  1 -4 -4 -4 -3 -2 -1 -4  0  8 -4 -4  0  1  1 -3    1   1   0   1   3   0   1   1   0   1   3   1   2  75   1   1   6   2   2   1  1.64 1.19
   43 G   -1 -4  0 -1 -1 -3 -4  6 -4 -4 -1 -3 -4 -4 -4 -1 -3 -4 -4 -4    3   1   4   3   2   0   1  73   0   1   7   1   0   0   1   4   1   0   0   1  1.31 1.19
   44 L   -3 -4 -4 -5  0 -4 -4 -5 -4  1  6  0  1 -1 -4 -4 -3 -4 -3 -1    1   1   0   1   2   0   1   1   0   6  73   6   2   2   1   1   1   0   0   2  1.05 1.19
   45 Q    0  2 -2 -2 -1  5  1 -3 -1 -3 -3  1 -2 -3 -3  0  1  1 -1 -2    8   9   1   1   1  33   7   1   1   1   2   9   1   1   1   6   9   2   2   2  0.52 1.19
   46 Y   -4 -3 -3 -4 -1 -2 -4 -4  0 -2 -2  0 -1  5 -4 -3 -3  2  7 -2    1   1   1   1   1   1   1   1   2   2   3   7   1  24   1   1   1   2  48   2  1.27 1.19
   47 T   -1  0  0  1  1  1  2 -2  1 -1 -2 -1  1 -1 -1  0  2  2  0  0    5   4   5   7   3   6  13   3   3   4   4   3   3   3   3   6  12   3   3   6  0.12 1.95
   48 I   -2 -4  1  5  1 -1  0 -2  3 -1 -2 -1  0 -5 -1  1  0 -5  0 -1    4   0   6  31   3   3   4   4   6   4   3   3   3   0   4   9   5   0   3   5  0.44 1.95
   49 K   -1  1  2  0 -5  1  0 -2  1 -2 -3  3 -1 -2  2  0  0 -5 -1 -2    4   7  11   6   0   6   6   2   3   2   2  20   2   2   9   7   5   0   2   2  0.30 1.94
   50 D   -2 -1  3  2 -1 -1 -1  4  1 -5 -4  0 -1 -2 -2  0 -1  0 -1 -3    2   3  12  13   1   3   4  31   3   0   2   6   1   2   2   6   3   1   2   2  0.49 1.95
   51 T   -3 -1  2  0  0  4  0 -2  3 -2 -3 -2  1  0 -3  0  2 -5  1 -2    2   3  11   6   2  17   7   2   6   3   2   2   4   4   1   7  11   0   5   3  0.31 1.99
   52 V   -2  2 -1 -2  0  2 -2 -4  0 -1 -1  2  2 -1  2 -1  0  2  1  2    2   9   3   2   2   9   2   1   3   3   7  11   5   2   9   4   5   3   4  13  0.21 1.99
   53 A    0  1  3 -3  4  0 -3 -3  2 -1 -2 -1  1 -1 -3  0  2 -1  1  1    7   7  13   1   7   5   1   1   4   3   4   4   3   3   1   6  14   1   4  10  0.26 2.01
   54 W   -5 -5 -6 -6 -1 -5 -5 -3 -1 -5 -3 -5 -1  0 -6 -5 -5 12  0 -5    0   0   0   0   1   0   0   2   1   0   2   0   2   3   0   0   0  84   2   0  3.52 1.73
   55 L   -4 -5 -5 -6 -4 -5 -3 -6 -5  1  6 -5  1 -1 -3 -5 -4  0 -4  0    0   0   0   0   0   0   2   0   0   6  76   0   3   2   2   0   0   1   0   5  1.30 1.73
   56 K   -3  0  2  5 -2  1  2 -3  0 -5 -5  2 -5 -5 -4 -2 -2 -5 -1 -2    2   5   8  39   1   7  10   2   2   0   0  14   0   0   0   2   3   0   2   3  0.81 1.70
   57 M   -2 -2 -1 -3 -3 -3 -3 -4  0 -2  4 -2  4  0  4 -1 -2 -5 -2 -2    3   2   3   1   1   1   1   1   2   1  36   2   9   4  23   4   2   0   1   2  0.65 1.72
   58 D   -1  0  2  5 -1 -2  2 -3 -2 -2  0 -2  0 -5 -4  0  1 -2 -3 -3    5   5   9  28   1   1  14   2   1   3   9   2   2   0   0   8   8   1   1   2  0.46 1.73
   59 K   -2  2  0 -3 -2 -1 -1 -4 -1 -4 -3  7 -2 -5 -4 -2 -2 -5 -2 -5    2   8   4   1   1   2   2   0   1   1   2  70   1   0   0   2   2   0   1   0  1.33 1.73
   60 K   -3  4 -2 -3  0  0  1 -4 -3 -4 -3  4 -3 -4  4  0 -2 -5 -3 -4    2  19   1   1   2   3   8   1   1   1   2  29   1   1  18   6   3   0   1   1  0.73 1.73
   61 V   -3 -4 -6 -6 -4 -4 -5 -6 -6  6  1 -4  0 -2 -2 -4 -3 -5 -3  4    1   1   0   0   0   1   1   0   0  42  13   1   2   1   2   1   1   0   1  34  1.15 1.78
   62 L   -1  1 -2 -4  1 -2 -3 -3 -3  0  2  2  1 -2 -4  2  2 -2 -1  0    4   7   2   0   3   1   1   2   1   5  22  15   3   1   0  14  11   0   2   5  0.30 1.81
   63 D   -1  2  0  1 -6  0  0 -3 -2 -5 -4  6 -3 -2 -3  1 -2 -6 -5 -3    5  12   3   9   0   4   4   1   1   0   1  45   0   2   1   9   1   0   0   1  0.82 1.80
   64 H   -4 -2 -2 -3 -5  8 -1 -4  4 -3 -4 -1 -1 -4 -4 -3 -3 -5 -2 -4    0   1   1   0   0  75   2   1   9   2   1   2   1   1   0   1   1   0   1   1  1.74 1.75
   65 D   -2 -1  0  4 -1  1  2 -2 -1  0 -1 -1  0 -2 -1 -1 -1 -2  1 -1    4   3   5  26   1   5  11   3   1   6   6   4   3   2   3   5   3   0   4   5  0.29 1.15
   66 V   -2 -1 -3 -3 -1 -4 -3 -2 -4  3  1  0  2  2 -3 -3 -1 -1 -2  4    2   4   1   1   1   1   1   3   0  16  10   7   4  10   1   2   3   1   1  30  0.47 1.57
   67 S   -2  2  0 -2 -4 -1 -2 -2 -3  0 -2  4 -1 -2  3  0 -2 -1 -4 -2    3  10   4   2   0   2   2   3   1   6   5  29   2   2  16   9   2   1   0   3  0.48 1.75
   68 K   -2  2  0  0  1 -1 -1 -1  1  0 -3  5 -1 -4 -2 -1 -2 -5 -2 -3    2  10   5   4   3   2   2   5   4   5   3  42   2   1   2   4   2   0   1   1  0.62 1.76
   69 E   -2 -1  1  1 -3  1  3  2  0 -2 -3  1  0 -5 -1  0  0 -5 -3 -3    3   3   8   7   1   6  20  15   3   2   2  10   2   0   3   6   7   0   1   2  0.31 1.77
   70 E   -1 -2  2  1 -2  0  1  0 -1 -3 -1 -1 -3 -3  3  2  0  0 -3 -3    4   2  11   6   1   4  11   8   2   1   6   2   1   1  13  18   6   1   1   1  0.29 1.79
   71 P   -2 -2 -2  0 -2 -2 -2 -3 -3 -3 -4 -1 -3 -5  7 -2  0 -6 -6 -3    3   2   2   6   1   1   3   2   0   1   1   3   0   0  64   2   5   0   0   2  1.58 1.82
   72 V   -1 -4 -5 -6  1 -5 -6 -3 -1  2  3 -5  0  1 -4 -5 -2  7  4  1    5   1   0   0   3   0   0   2   2  10  29   0   2   5   1   0   2  16  14   8  0.85 1.83
   73 T   -2  1  0 -1 -1  3  0 -4  2 -1  0  0 -1 -2 -1 -1  3 -3 -2  0    3   7   5   3   1  15   6   1   5   3  10   5   1   2   4   5  17   0   1   5  0.25 1.84
   74 F   -4 -6 -6 -7 -5 -6 -6 -7 -5 -2  3 -5  1  8 -7 -6 -5 -3  0 -1    1   0   0   0   0   0   0   0   0   1  24   1   3  66   0   0   0   0   1   3  1.82 1.82
   75 H   -2  2  2 -3  2 -1 -1 -4  4 -4 -3  3  1  0 -5  0 -1 -2  4 -4    4  13   8   1   4   3   3   1  10   1   2  18   3   3   0   7   4   0  13   1  0.48 1.81
   76 F   -5 -6 -6 -7 -6 -6 -6 -7 -5 -2  1 -6 -1  9 -7 -6 -5 -2  0 -3    0   0   0   0   0   0   0   0   0   1  10   0   1  87   0   0   0   0   1   1  2.36 1.77
   77 L   -4  7 -3 -5 -6 -2 -4 -6 -4 -3  2 -1  3  1 -5 -4 -4 -5 -2 -4    0  61   1   0   0   0   0   0   0   1  23   1   6   5   0   0   0   0   1   0  1.35 1.62
   78 A    7 -4 -4 -4 -3 -3 -3 -2 -4 -4 -4 -3 -3 -5 -3  0 -2 -5 -4 -3   97   0   0   0   0   0   0   0   0   0   0   0   0   0   0   3   0   0   0   0  1.58 1.14

                      K         Lambda
Standard Ungapped    0.1392     0.3270
Standard Gapped      0.0410     0.2670
PSI Ungapped         0.1688     0.3168
PSI Gapped           0.0517     0.2670
