
Last position-specific scoring matrix computed, weighted observed percentages rounded down, information per position, and relative weight of gapless real matches to pseudocounts
           A  R  N  D  C  Q  E  G  H  I  L  K  M  F  P  S  T  W  Y  V   A   R   N   D   C   Q   E   G   H   I   L   K   M   F   P   S   T   W   Y   V
    1 D   -2 -1  1  5 -4  0  4 -2 -1 -4 -4  0 -3 -4 -2 -1 -1 -4 -3 -3    0   0   0  64   0   0  36   0   0   0   0   0   0   0   0   0   0   0   0   0  0.84 0.09
    2 I   -2 -3 -4 -4 -2 -3 -3 -4 -4  4  3 -3  1  0 -3 -3 -1 -3 -2  3    0   0   0   0   0   0   0   0   0  53  29   0   0   0   0   0   0   0   0  18  0.46 0.11
    3 Q   -1  4  0  0 -4  5  3 -2  0 -3 -3  1 -1 -4 -2 -1 -1 -3 -2 -3    0  29   0   0   0  53  18   0   0   0   0   0   0   0   0   0   0   0   0   0  0.64 0.11
    4 V   -1 -3 -3 -4 -1 -3 -3 -4 -4  2  1 -3  0 -1 -3 -2  0 -3 -2  5    0   0   0   0   0   0   0   0   0   0   0   0   0   0   0   0   0   0   0 100  0.52 0.11
    5 Q   -1  0  0  0 -4  6  3 -2  0 -3 -3  1 -1 -4 -2  0 -1 -3 -2 -3    0   0   0   0   0  71  29   0   0   0   0   0   0   0   0   0   0   0   0   0  0.74 0.11
    6 V   -1 -3  1 -2 -2 -2 -3 -3 -3  3  0 -2  0 -1 -3 -2 -1 -3 -2  4    0   0  14   0   0   0   0   0   0  29   0   0   0   0   0   0   0   0   0  56  0.35 0.11
    7 N   -2  1  5  0 -3  0  0 -1  0 -3 -3  4 -2 -4 -2  0 -1 -4 -2 -3    0   0  53   0   0   0   0   0   0   0   0  47   0   0   0   0   0   0   0   0  0.59 0.11
    8 I   -2 -3  1 -2 -2 -3 -3 -3 -3  5  1 -3  1 -1 -3 -2 -1 -3 -2  2    0   0  14   0   0   0   0   0   0  86   0   0   0   0   0   0   0   0   0   0  0.41 0.11
    9 D   -1 -2  1  5 -3 -1  1 -2 -2 -3 -3 -1 -3 -3 -2  0  3 -4 -3 -2    0   0   0  68   0   0   0   0   0   0   0   0   0   0   0   0  32   0   0   0  0.71 0.11
   10 D   -1 -3 -1  4  8 -2 -1 -2 -3 -2 -2 -2 -2 -3 -3 -1 -1 -3 -3 -2    0   0   0  39  61   0   0   0   0   0   0   0   0   0   0   0   0   0   0   0  0.94 0.11
   11 N   -1 -1  6  0 -3 -1 -1  3  0 -4 -4 -1 -3 -4 -2  0 -1 -4 -3 -3    0   0  71   0   0   0   0  29   0   0   0   0   0   0   0   0   0   0   0   0  0.74 0.11
   12 G   -1 -2  3 -1 -3 -2 -2  5 -1 -4 -4 -1 -3 -4 -3  0 -1 -3 -3 -4    0   0  29   0   0   0   0  71   0   0   0   0   0   0   0   0   0   0   0   0  0.86 0.11
   13 K   -1  1  0  3 -4  1  1 -2 -1 -3 -3  5 -2 -4 -2 -1 -1 -4 -3 -3    0   0   0  29   0   0   0   0   0   0   0  71   0   0   0   0   0   0   0   0  0.58 0.11
   14 N   -1 -1  4  4 -3 -1  0 -1 -1 -3 -3 -1 -2 -3 -2  0  3 -4 -3 -2    0   0  39  29   0   0   0   0   0   0   0   0   0   0   0   0  32   0   0   0  0.54 0.11
   15 F   -2 -1 -2 -3 -3 -1 -2 -3 -1 -1 -1  2 -1  5 -3 -2 -2  0  4 -2    0   0   0   0   0   0   0   0   0   0   0  29   0  53   0   0   0   0  18   0  0.52 0.11
   16 D   -2 -1  0  5 -4  1  4 -2 -1 -4 -4  0 -3 -4 -2 -1 -1 -4 -3 -3    0   0   0  53   0   0  47   0   0   0   0   0   0   0   0   0   0   0   0   0  0.82 0.11
   17 Y   -1  2 -1 -3 -2 -1 -2 -3  0 -2 -2 -1 -1  1 -3 -1  2  1  6 -1    0  18   0   0   0   0   0   0   0   0   0   0   0   0   0   0  29   0  53   0  0.51 0.11
   18 T    0 -2  0 -1 -1 -1 -1 -2 -2 -1 -2 -1 -1 -3 -1  1  6 -3 -2  0    0   0   0   0   0   0   0   0   0   0   0   0   0   0   0   0 100   0   0   0  0.65 0.11
   19 Y   -2 -2 -3 -4 -3 -2 -2 -4  1 -2 -1 -2 -1  3 -3 -2 -2  2  8 -2    0   0   0   0   0   0   0   0   0   0   0   0   0   0   0   0   0   0 100   0  1.11 0.11
   20 T   -1 -1  0  3 -2  2  0 -2 -1 -2 -2 -1 -2 -3 -2  0  4 -3 -2 -1    0   0   0  29   0  18   0   0   0   0   0   0   0   0   0   0  53   0   0   0  0.45 0.11
   21 V   -1 -3 -4 -4 -1 -3 -3 -4 -3  2  3 -3  1 -1 -3 -2 -1 -3 -2  4    0   0   0   0   0   0   0   0   0   0  47   0   0   0   0   0   0   0   0  53  0.44 0.11
   22 T   -1 -2 -1 -2 -2 -1 -2 -3  0 -1 -2 -2 -1  1 -2  0  4  0  5 -1    0   0   0   0   0   0   0   0   0   0   0   0   0   0   0   0  53   0  47   0  0.54 0.11
   23 T    3 -2 -1 -2 -1 -1 -1 -1 -2 -1 -2 -1 -1 -3 -1  1  4 -3 -2  0   47   0   0   0   0   0   0   0   0   0   0   0   0   0   0   0  53   0   0   0  0.43 0.11
   24 E   -1  1 -1  0 -4  1  4 -2 -1 -3 -3  4 -2 -4 -1 -1 -1 -3 -2 -3    0   0   0   0   0   0  53   0   0   0   0  47   0   0   0   0   0   0   0   0  0.63 0.11
   25 S    0 -1  0  0 -2  1  4 -1 -1 -3 -3  0 -2 -3 -1  3  0 -3 -2 -2    0   0   0   0   0   0  47   0   0   0   0   0   0   0   0  53   0   0   0   0  0.52 0.11
   26 E   -1  0 -1  0 -3  1  4 -3 -1 -1  1  2  0 -2 -2 -1 -1 -3 -2 -1    0   0   0   0   0   0  53   0   0   0  29  18   0   0   0   0   0   0   0   0  0.37 0.11
   27 L   -2 -3 -4 -4 -2 -3 -3 -4 -3  1  5 -3  2  0 -3 -3 -2 -2 -1  1    0   0   0   0   0   0   0   0   0   0 100   0   0   0   0   0   0   0   0   0  0.62 0.11
   28 Q   -1  1  0 -1 -3  5  1 -2  0 -3 -3  4 -1 -4 -2  0 -1 -3 -2 -3    0   0   0   0   0  53   0   0   0   0   0  47   0   0   0   0   0   0   0   0  0.63 0.11
   29 K   -1  2 -1 -1 -4  1  1 -2 -1 -3 -3  5 -2 -4 -1 -1 -1 -3 -2 -3    0   0   0   0   0   0   0   0   0   0   0 100   0   0   0   0   0   0   0   0  0.70 0.11
   30 V   -1 -3 -3 -4 -1 -3 -3 -4 -4  2  1 -3  0 -1 -3 -2  0 -3 -2  5    0   0   0   0   0   0   0   0   0   0   0   0   0   0   0   0   0   0   0 100  0.52 0.11
   31 L    2 -2 -3 -3 -1 -2 -3 -2 -3  1  4 -2  1  0 -3 -1 -1 -2 -2  0   29   0   0   0   0   0   0   0   0   0  71   0   0   0   0   0   0   0   0   0  0.36 0.11
   32 N   -2 -1  6  1 -3  0  3 -1  0 -4 -4  0 -3 -4 -2  0 -1 -4 -3 -3    0   0  71   0   0   0  29   0   0   0   0   0   0   0   0   0   0   0   0   0  0.72 0.11
   33 E   -1  0 -1  1 -4  1  5 -2 -1 -4 -3  3 -2 -4 -1  0 -1 -3 -2 -3    0   0   0   0   0   0  71   0   0   0   0  29   0   0   0   0   0   0   0   0  0.69 0.11
   34 L    2  2 -3 -3 -2 -1 -2 -2 -2  0  3 -1  1 -1 -2 -1 -1 -2 -2  0   29  18   0   0   0   0   0   0   0   0  53   0   0   0   0   0   0   0   0   0  0.25 0.11
   35 K    2  0 -2 -2 -2  0 -1 -2 -2  0  0  2  5 -2 -2  0 -1 -3 -2  0   29   0   0   0   0   0   0   0   0   0   0  27  44   0   0   0   0   0   0   0  0.26 0.11
   36 D   -2 -2  1  7 -4 -1  1 -2 -2 -4 -4 -1 -4 -4 -2 -1 -1 -5 -4 -4    0   0   0 100   0   0   0   0   0   0   0   0   0   0   0   0   0   0   0   0  1.12 0.11
   37 Y   -2  0 -2 -2 -3 -1 -1 -3  0 -2 -2  2 -2  1  3 -1 -2  0  6 -2    0   0   0   0   0   0   0   0   0   0   0  29   0   0  18   0   0   0  53   0  0.60 0.11
   38 I   -2 -3 -4 -4 -2 -3 -4 -4 -4  5  1 -3  1  0 -3 -3 -1 -3 -2  2    0   0   0   0   0   0   0   0   0 100   0   0   0   0   0   0   0   0   0   0  0.58 0.11
   39 K   -1  2 -1 -1 -4  1  1 -2 -1 -3 -3  5 -2 -4 -1 -1 -1 -3 -2 -3    0   0   0   0   0   0   0   0   0   0   0 100   0   0   0   0   0   0   0   0  0.70 0.11
   40 K   -1  2 -1 -1 -4  1  1 -2 -1 -3 -3  5 -2 -4 -1 -1 -1 -3 -2 -3    0   0   0   0   0   0   0   0   0   0   0 100   0   0   0   0   0   0   0   0  0.70 0.11
   41 Q   -1  0 -1 -1 -3  6  1 -2  0 -2  0  1  0 -3 -2 -1 -1 -2 -2 -2    0   0   0   0   0  82   0   0   0   0  18   0   0   0   0   0   0   0   0   0  0.59 0.11
   42 G    0 -3 -1 -2 -3 -2 -3  6 -2 -4 -4 -2 -3 -4 -3 -1 -2 -3 -4 -4    0   0   0   0   0   0   0 100   0   0   0   0   0   0   0   0   0   0   0   0  1.21 0.11
   43 A    3 -3 -3 -3  8 -2 -3 -2 -3 -2 -2 -2 -2 -3 -2  0 -1 -3 -3 -1   39   0   0   0  61   0   0   0   0   0   0   0   0   0   0   0   0   0   0   0  0.87 0.11
   44 K   -1  2 -1 -1 -4  1  2 -2 -1 -3 -3  5 -2 -4 -1 -1 -1 -3 -2 -3    0   0   0   0   0   0  11   0   0   0   0  89   0   0   0   0   0   0   0   0  0.64 0.11
   45 R   -2  6 -1 -2 -4  1  0 -3 -1 -3 -3  2 -2 -3 -3 -1 -2 -3 -2 -3    0 100   0   0   0   0   0   0   0   0   0   0   0   0   0   0   0   0   0   0  0.95 0.11
   46 V    0 -3 -3 -3 -1 -2 -2 -3 -3  2  0 -2  0 -1 -3  0  0 -3 -2  4    0   0   0   0   0   0   0   0   0   0   0   0   0   0   0  12   0   0   0  88  0.40 0.11
   47 R   -2  6 -1 -2 -4  1  0 -2 -1 -3 -3  3 -2 -3 -2 -1 -1 -3 -2 -3    0  70   0   0   0   0   0   0   0   0   0  30   0   0   0   0   0   0   0   0  0.77 0.11
   48 I   -2 -3 -3 -3 -2 -3 -3 -4 -3  5  1 -3  1 -1 -3 -2  1 -3 -2  2    0   0   0   0   0   0   0   0   0  88   0   0   0   0   0   0  12   0   0   0  0.47 0.11
   49 S    0  3  0 -1 -2  0  0 -1 -1 -3 -3  0 -2 -3 -2  4  1 -3 -2 -2    0  30   0   0   0   0   0   0   0   0   0   0   0   0   0  70   0   0   0   0  0.48 0.11
   50 I   -2 -3 -4 -4 -2 -3 -4 -4 -3  4  1 -3  1  4 -3 -3 -1 -1  0  2    0   0   0   0   0   0   0   0   0  70   0   0   0  30   0   0   0   0   0   0  0.49 0.11
   51 T   -1  1  0  0 -2  0  3 -2 -1 -2 -2  0 -1 -3 -2  1  4 -3 -2 -1    0  13   0   0   0   0  30   0   0   0   0   0   0   0   0   0  57   0   0   0  0.43 0.11
   52 A    3  0 -2 -2 -1  0 -1 -1 -2 -1 -2  2 -1 -3 -1  0 -1 -3 -2  1   57   0   0   0   0   0   0   0   0   0   0  30   0   0   0   0   0   0   0  13  0.30 0.11
   53 R   -1  5 -1 -2 -4  1  0 -2 -1 -3 -3  4 -2 -3 -2 -1 -1 -3 -2 -3    0  57   0   0   0   0   0   0   0   0   0  43   0   0   0   0   0   0   0   0  0.72 0.11
   54 T    2 -1 -1 -1 -1 -1 -1 -1  3 -2 -2 -1 -1 -2 -1  2  3 -3 -1 -1   30   0   0   0   0   0   0   0  13   0   0   0   0   0   0  15  43   0   0   0  0.35 0.11
   55 K   -1  4  0 -1 -3  1  0 -2 -1 -3 -3  4 -2 -3 -2  2  0 -3 -2 -3    0  30   0   0   0   0   0   0   0   0   0  43   0   0   0  28   0   0   0   0  0.48 0.11
   56 K   -1  2 -1 -1 -4  1  1 -2 -1 -3 -3  5 -2 -4 -1 -1 -1 -3 -2 -3    0   0   0   0   0   0   0   0   0   0   0 100   0   0   0   0   0   0   0   0  0.70 0.11
   57 E   -1  0 -1  1 -4  1  5 -2 -1 -4 -3  3 -2 -4 -1  0 -1 -3 -2 -3    0   0   0   0   0   0  70   0   0   0   0  30   0   0   0   0   0   0   0   0  0.69 0.11
   58 A    5 -2 -2 -2 -1 -1 -1  0 -2 -2 -2 -1 -1 -3 -1  1  0 -3 -2 -1  100   0   0   0   0   0   0   0   0   0   0   0   0   0   0   0   0   0   0   0  0.56 0.11
   59 E   -1  1 -1  0 -4  1  4 -2  0 -3 -3  4 -2 -1 -2 -1 -1 -2  2 -3    0   0   0   0   0   0  43   0   0   0   0  43   0   0   0   0   0   0  15   0  0.49 0.11
   60 K   -1  2 -1 -1 -4  1  1 -2 -1 -3 -3  5 -2 -4 -1 -1 -1 -3 -2 -3    0   0   0   0   0   0   0   0   0   0   0 100   0   0   0   0   0   0   0   0  0.70 0.11
   61 F   -3 -3 -4 -4 -3 -3 -4 -3 -2 -1  0 -4 -1  6 -4 -3 -3  8  3 -2    0   0   0   0   0   0   0   0   0   0   0   0   0  70   0   0   0  30   0   0  1.13 0.11
   62 A    4 -2 -2 -2 -1 -1 -1  0 -2 -1  0 -1 -1 -2 -1  1 -1 -3 -2  0   85   0   0   0   0   0   0   0   0   0  15   0   0   0   0   0   0   0   0   0  0.42 0.11
   63 A    4 -1 -1 -1 -1  0  3 -1 -1 -2 -2 -1 -2 -3 -1  1 -1 -3 -2 -1   70   0   0   0   0   0  30   0   0   0   0   0   0   0   0   0   0   0   0   0  0.43 0.11
   64 I   -1 -3 -4 -4 -1 -3 -3 -4 -4  5  1 -3  1 -1 -3 -3 -1 -3 -2  3    0   0   0   0   0   0   0   0   0  70   0   0   0   0   0   0   0   0   0  30  0.52 0.11
   65 L    2 -2 -3 -3 -1 -2 -3 -2 -3  1  4 -2  1  0 -3 -1 -1 -2 -2  0   30   0   0   0   0   0   0   0   0   0  70   0   0   0   0   0   0   0   0   0  0.36 0.11
   66 I    0 -2  4 -1 -2 -1 -2 -2 -1  3  0 -1 -1 -2 -3 -1 -1 -4 -2  1   15   0  43   0   0   0   0   0   0  43   0   0   0   0   0   0   0   0   0   0  0.28 0.11
   67 K   -1  2 -1 -1 -4  1  1 -2 -1 -3 -3  5 -2 -4 -1 -1 -1 -3 -2 -3    0   0   0   0   0   0   0   0   0   0   0 100   0   0   0   0   0   0   0   0  0.70 0.11
   68 V   -1 -3 -3 -4 -1 -3 -3 -4 -4  4  1 -3  1 -1 -3 -2 -1 -3 -2  4    0   0   0   0   0   0   0   0   0  30   0   0   0   0   0   0   0   0   0  70  0.49 0.11
   69 F    2 -3 -3 -3 -2 -2 -3 -2 -1 -1 -1 -2 -1  6 -3 -1 -2  0  3 -1   30   0   0   0   0   0   0   0   0   0   0   0   0  58   0   0   0   0  12   0  0.52 0.11
   70 A    4 -1  3 -1 -1 -1 -1  0 -1 -2 -2 -1 -2 -3 -2  1  0 -3 -2 -1   70   0  30   0   0   0   0   0   0   0   0   0   0   0   0   0   0   0   0   0  0.43 0.11
   71 E   -1  0 -1  1 -4  2  6 -3  0 -4 -3  1 -2 -4 -2  0 -1 -3 -2 -3    0   0   0   0   0   0 100   0   0   0   0   0   0   0   0   0   0   0   0   0  0.90 0.11
   72 L   -2 -3 -4 -4 -2 -3 -3 -4 -3  1  5 -3  2  0 -3 -3 -2 -2 -1  1    0   0   0   0   0   0   0   0   0   0 100   0   0   0   0   0   0   0   0   0  0.62 0.11
   73 G    0 -3 -1 -2 -3 -2 -3  6 -2 -4 -4 -2 -3 -4 -3 -1 -2 -3 -4 -4    0   0   0   0   0   0   0 100   0   0   0   0   0   0   0   0   0   0   0   0  1.21 0.11
   74 Y    2 -2 -2 -3 -2 -2 -2 -2  1 -2 -2 -2 -1  2 -3 -1 -1  1  7 -1   30   0   0   0   0   0   0   0   0   0   0   0   0   0   0   0   0   0  70   0  0.67 0.11
   75 N   -2  0  6  1 -3  0  0 -1  0 -4 -4  3 -2 -4 -2  0 -1 -4 -2 -3    0   0  70   0   0   0   0   0   0   0   0  30   0   0   0   0   0   0   0   0  0.67 0.11
   76 D   -2 -1  1  6 -4  3  1 -2 -1 -4 -4  0 -2 -4 -2 -1 -1 -4 -3 -3    0   0   0  70   0  30   0   0   0   0   0   0   0   0   0   0   0   0   0   0  0.82 0.11
   77 I    0 -2 -1 -2 -1 -2 -2 -2 -2  4  0 -2  0 -1 -2  3  0 -3 -2  1    0   0   0   0   0   0   0   0   0  57   0   0   0   0   0  43   0   0   0   0  0.27 0.11
   78 N   -1 -1  6  0 -2 -1 -1 -1  0 -3 -3 -1 -2 -3 -2  1  3 -4 -2 -2    0   0  70   0   0   0   0   0   0   0   0   0   0   0   0   0  30   0   0   0  0.65 0.11
   79 V    0 -2 -2 -3 -1 -2 -2 -3 -3  2  0 -2  0 -2 -2 -1  3 -3 -2  4    0   0   0   0   0   0   0   0   0   0   0   0   0   0   0   0  30   0   0  70  0.38 0.11
   80 T   -1  2  0 -2 -2 -1 -1 -2 -2 -1 -2  0 -1 -3 -2  1  5 -3 -2 -1    0  15   0   0   0   0   0   0   0   0   0   0   0   0   0   0  85   0   0   0  0.54 0.11
   81 F   -2 -3 -2 -3 -2 -2 -3 -3 -2 -1 -1 -3 -1  4 -3 -1  2  8  2 -1    0   0   0   0   0   0   0   0   0   0   0   0   0  34   0   0  30  36   0   0  0.89 0.11
   82 D   -2  1  1  6 -4  0  1 -2 -1 -4 -4  0 -3 -4 -2 -1 -1 -4 -3 -4    0  15   0  85   0   0   0   0   0   0   0   0   0   0   0   0   0   0   0   0  0.91 0.11
   83 G    0 -3 -1 -2 -3 -2 -3  6 -2 -4 -4 -2 -3 -4 -3 -1 -2 -3 -4 -4    0   0   0   0   0   0   0 100   0   0   0   0   0   0   0   0   0   0   0   0  1.21 0.11
   84 D   -2 -2  1  7 -4 -1  1 -2 -2 -4 -4 -1 -4 -4 -2 -1 -1 -5 -4 -4    0   0   0 100   0   0   0   0   0   0   0   0   0   0   0   0   0   0   0   0  1.12 0.11
   85 T    0 -1  0 -1 -1 -1 -1 -2 -2 -1 -2 -1 -1 -2 -1  1  5 -3 -2  0    0   0   0   0   0   0   0   0   0   0   0   0   0   0   0   0 100   0   0   0  0.61 0.09
   86 V   -1 -3 -3 -4 -2 -3 -3 -4 -3  2  0 -3  0  4 -3 -2 -1 -1  1  4    0   0   0   0   0   0   0   0   0   0   0   0   0  31   0   0   0   0   0  69  0.40 0.09
   87 T   -1 -1  0  0 -2  0  3 -2 -1 -2 -2  0 -1 -3 -1  1  4 -3 -2 -1    0   0   0   0   0   0  31   0   0   0   0   0   0   0   0   0  69   0   0   0  0.47 0.09
   88 V    0 -3 -3 -4 -1 -3 -3 -4 -4  2  1 -3  0 -1 -3 -2  0 -3 -2  5    0   0   0   0   0   0   0   0   0   0   0   0   0   0   0   0   0   0   0 100  0.49 0.09
   89 E   -1  0 -1  1 -4  2  6 -3  0 -4 -3  1 -2 -4 -1  0 -1 -3 -2 -3    0   0   0   0   0   0 100   0   0   0   0   0   0   0   0   0   0   0   0   0  0.87 0.09
   90 G    0 -3 -1 -1 -3 -2 -2  6 -2 -4 -4 -2 -3 -3 -2  0 -2 -3 -3 -3    0   0   0   0   0   0   0 100   0   0   0   0   0   0   0   0   0   0   0   0  1.09 0.03
   91 Q   -1  1  0  0 -3  6  2 -2  0 -3 -2  1 -1 -3 -1  0 -1 -2 -2 -2    0   0   0   0   0 100   0   0   0   0   0   0   0   0   0   0   0   0   0   0  0.70 0.03
   92 L   -2 -2 -4 -4 -1 -2 -3 -4 -3  2  4 -3  2  0 -3 -3 -1 -2 -1  1    0   0   0   0   0   0   0   0   0   0 100   0   0   0   0   0   0   0   0   0  0.50 0.03

                      K         Lambda
Standard Ungapped    0.1331     0.3141
Standard Gapped      0.0410     0.2670
PSI Ungapped         0.1499     0.3173
PSI Gapped           0.0459     0.2670
