
Last position-specific scoring matrix computed, weighted observed percentages rounded down, information per position, and relative weight of gapless real matches to pseudocounts
           A  R  N  D  C  Q  E  G  H  I  L  K  M  F  P  S  T  W  Y  V   A   R   N   D   C   Q   E   G   H   I   L   K   M   F   P   S   T   W   Y   V
    1 P   -4 -5 -5 -5 -6 -5 -4 -5 -5 -6 -6 -4 -6 -7  9 -4 -4 -7 -6 -6    0   0   0   0   0   0   0   0   0   0   0   0   0   0 100   0   0   0   0   0  3.16 1.75
    2 S   -3 -2  4 -3  0  7 -2 -5 -2 -6 -6 -3 -3 -5 -5  2 -3 -6 -4 -6    0   0  22   0   3  56   0   0   0   0   0   0   0   0   0  16   1   0   0   0  1.50 1.84
    3 R   -2  4 -4 -4 -1 -2 -1 -6 -2 -1 -1  4 -3 -4 -5 -3 -1 -6 -2  4    2  25   0   0   1   1   3   0   1   3   7  22   0   0   0   1   4   0   1  27  0.72 1.87
    4 L   -5 -4 -3 -6 -5  4 -4 -7 -4 -2  6 -4  2 -3 -6 -5 -3 -5 -2 -3    0   0   1   0   0  20   0   0   0   1  71   1   4   0   0   0   1   0   1   0  1.37 1.88
    5 V   -2 -3 -5 -5 -5 -4 -3 -5 -4  4  2 -1 -1 -3 -4 -3 -1 -6 -3  5    3   2   0   1   0   1   2   1   0  21  17   5   1   1   1   1   3   0   0  40  0.82 1.91
    6 R   -3 -1  7 -3 -6 -2 -3 -4 -3 -6 -4  4 -2 -6 -5 -2 -2 -7 -5 -4    1   3  59   0   0   1   0   1   0   0   1  29   1   0   0   1   2   0   0   1  1.58 1.91
    7 V    0 -5 -6 -6 -1 -4 -6 -6 -6  2 -1 -5 -1 -3 -6 -5 -2 -6 -5  7    6   0   0   0   1   1   0   0   0  11   2   0   1   1   0   0   1   0   0  75  1.53 1.92
    8 E   -2  4 -1 -3 -6  0  0 -5 -2 -1 -4  4 -3 -5  3 -1  0 -6 -3 -1    3  23   3   1   0   3   5   0   1   4   1  29   0   0  13   4   5   0   1   5  0.68 1.96
    9 V   -3 -5 -3 -3 -1 -5 -5 -1 -6  1 -2 -5 -1 -4 -6 -4 -2 -6 -5  7    1   0   2   2   1   0   0   5   0   4   2   0   1   0   0   1   1   0   0  80  1.53 1.95
   10 A    2 -1 -1 -3 -3  1 -1 -1 -2 -3 -3  2 -3 -5  3  1  1 -6 -5  1   19   3   3   1   0   5   4   4   1   1   2  14   1   0  13   9  10   0   0  10  0.35 1.96
   11 E   -4 -3  3  7 -6 -2 -1 -4 -1 -5 -6 -2 -3 -4 -4 -2 -3 -7 -4 -5    1   1  13  72   0   1   1   1   1   1   0   2   1   1   1   1   1   0   0   1  1.75 1.93
   12 R   -3  6 -2 -3 -4 -2 -2 -4 -2 -5 -4  6 -3 -5 -2 -2 -4 -3 -5 -4    1  38   1   1   0   1   2   1   1   0   1  47   1   0   2   2   0   0   0   1  1.36 1.88
   13 S    0  0  3  1 -3 -1 -1 -2  4 -3 -3  1 -1 -2 -3  2  2 -4  0 -3    6   4  14   7   1   3   4   3   9   1   3   8   1   1   1  17  12   0   3   2  0.34 1.76
   14 I    3  1 -1 -1 -2 -1 -2  0 -1  2  0  1  0 -2 -3 -1 -2 -4 -3  2   21   7   4   3   1   2   3   6   2  10   7   9   2   2   2   4   2   0   1  13  0.19 1.59
   15 F   -1 -2 -2 -3 -3 -3 -3 -3 -2  4  0 -3  0  4 -3 -2 -2  3  1  3    6   2   2   2   0   1   2   2   1  22   7   2   2  16   1   2   2   4   5  19  0.49 1.52
   16 K   -1  1 -1 -1 -2  1  1 -2  1 -1 -2  4  0 -3 -1  0  1 -3 -1  0    5   6   3   4   1   7   7   3   4   3   4  22   3   1   3   6   8   0   2   8  0.23 1.50
   17 A    0 -2 -1 -1  0 -1 -1 -1  1 -1 -2 -2 -1 -2 -2 -1  5 -1 -1  1    7   2   3   3   2   3   4   5   3   3   3   2   2   1   2   4  37   1   2  10  0.44 1.46
   18 Y    1 -2  2  0 -2 -2  0 -2 -1  0 -2 -1  0 -2 -1  0  4  0 -1  0   10   2  12   6   1   2   7   3   1   5   4   3   3   2   3   7  23   2   2   5  0.25 1.49
   19 D   -1 -2  3  5 -3 -1  2 -1 -1 -3 -3 -1 -1 -2 -1 -1 -1  2 -1 -2    6   2  11  32   0   3  11   4   1   2   3   4   1   2   3   4   3   2   2   2  0.51 1.48
   20 A    4 -1  1  2 -1  0 -1 -2  0 -2 -3  0 -1 -2 -1 -1 -2 -3 -2 -2   37   3   7  11   1   4   4   3   3   2   3   7   1   2   3   4   2   0   1   3  0.40 1.47
   21 E   -2 -2  0  1 -1  0  5 -2 -1  0 -2  1 -2 -3 -2 -2 -2 -3 -3  0    4   1   3   7   1   4  44   3   1   5   3   7   1   1   2   2   2   0   1   6  0.62 1.49
   22 R   -1  5  0 -1 -1  1  0 -2  0 -2 -2  1 -1 -2 -2 -1  2 -1 -2 -1    5  28   5   3   1   6   5   2   2   2   3   9   2   1   2   3  14   1   1   4  0.41 1.56
   23 K    0  4 -1 -2 -1  1  0 -2 -1  0 -3  2 -1 -2 -2 -1 -1  0  0  1    9  21   2   2   1   5   6   3   2   5   2  15   1   1   2   3   4   1   4  10  0.29 1.67
   24 L    2 -2 -4 -3  3 -3 -2 -4 -4  0  3 -2  1 -3 -2 -2 -2  0 -2  3   20   2   1   2   6   1   2   1   0   4  28   2   3   1   2   3   3   1   2  20  0.46 1.70
   25 E    0 -2 -1 -1  1  0  0 -3 -1  1  1 -1  2 -3 -4  0  1 -4 -2  3    7   2   3   3   3   4   6   2   2   7  12   3   6   1   1   7   7   0   2  22  0.23 1.76
   26 S    1 -1  0  0 -1  1  3 -2  2 -2 -3  1 -1 -2 -4  2  1 -5 -2 -2   10   4   4   5   1   6  17   3   5   2   3   7   1   2   1  18   7   0   2   3  0.28 1.88
   27 P   -1 -2  1 -1  0 -2 -2 -3  0 -1 -2 -2 -1 -4  7 -2 -2 -5 -2 -2    6   2   6   4   2   2   3   2   2   4   4   3   2   0  48   3   2   0   2   3  0.96 1.87
   28 P    1 -2 -2  1  0  0  2 -2  0 -1 -2  1 -1 -2  3 -1 -1 -5 -1  0   12   2   2   7   2   3  12   3   2   4   4   9   2   2  13   4   3   0   2   7  0.14 2.00
   29 G    0 -1 -1 -1  0 -1  1  3  1  0 -2 -1  0 -1 -2 -1 -2  2 -1  1    8   3   3   4   2   3   9  20   3   5   5   3   2   3   3   3   3   2   2   9  0.10 2.03
   30 L   -1  0  1  0  3  1  0 -5  2  0 -1  0  2  1 -5  0  0  4 -4  0    6   6   5   6   5   5   6   0   5   6   6   6   5   5   0   6   6   5   0   6  0.13 1.89
   31 Q   -1  0  0  0  2  0  0 -1  2  0 -1  0  2 -4  0 -1  0  4  1 -1    5   5   5   5   5   5   5   5   5   5   5   5   5   0   5   5   5   5   5   5  0.06 2.12
   32 A   -1  0  0  0  3  1  0 -1  2  0 -1  0  2  1  0 -1  0 -5 -4 -1    5   5   5   5   5   5   5   5   5   5   5   5   5   5   5   5   5   0   0   5  0.03 2.01
   33 K    2 -1 -2 -2  0 -1  1 -3 -1  2 -2  1  1 -1 -1 -2 -2  0 -1  2   20   3   2   2   2   2   9   2   2  10   3   9   3   2   3   2   2   2   2  15  0.17 2.09
   34 I   -1  0  0  0  3  1  0 -1  2  0 -1  0  2  1 -5 -1  0 -5  1  0    5   5   5   5   5   5   5   5   5   5   5   5   5   5   0   5   5   0   5   5  0.05 2.01
   35 D    0 -1  2  5 -5 -1  1 -2  0 -2 -3 -1 -1 -2 -2 -1 -1 -6 -1 -2    9   3  10  32   0   3   9   3   2   2   2   3   2   2   2   3   3   0   2   3  0.45 1.99
   36 S    1 -1  0  0 -5  2  2 -1  1 -1 -1  1  0 -1 -4  0 -1 -5  0 -1   11   3   4   5   0   8  15   5   3   3   6  10   3   3   0   6   4   0   3   3  0.11 1.95
   37 L    0 -4 -1 -1  1 -1  2 -2  0  2  1 -2  1 -1 -5 -2 -1  2  0  1    8   0   3   3   3   3  12   3   3  11  14   3   3   3   0   3   3   3   3  11  0.13 1.95
   38 Q   -1 -1  0 -2  0  1  2 -3 -1  0 -1  1  0 -2 -5 -2  0 -5 -2  4    5   3   5   2   2   5  15   2   1   4   5   7   2   1   0   2   6   0   1  25  0.24 1.97
   39 S   -1  0  0  0  3  1  0 -1  2  0 -1  0  2  1 -5 -1  0  4 -4 -1    5   5   5   5   5   5   5   5   5   5   5   5   5   5   0   5   5   5   0   5  0.08 2.01
   40 R    0  0 -1  0  0  0  1 -2  0 -1  1  2  2 -1 -1 -1 -1  3 -1  0    7   5   3   5   2   4   9   3   3   3  11  13   4   2   3   4   4   3   3   6  0.08 2.10
   41 Y   -1  0  0  0  2  0 -1 -1  2  0 -1  0  2  0  0 -1  0  4  1 -1    5   5   5   5   5   5   5   5   5   5   5   5   5   5   5   5   5   5   5   5  0.04 2.23
   42 N   -1  0  0  0  3  1  0 -1  2  0 -1  0  2  1  0 -1  0 -5 -4 -1    5   5   5   5   5   5   5   5   5   5   5   5   5   5   5   5   5   0   0   5  0.03 2.01
   43 K   -1  0  0  0  2  0  0 -1  2  0 -1  0  2  1 -5 -1  0  4  1 -1    5   5   5   5   5   5   5   5   5   5   5   5   5   5   0   5   5   5   5   5  0.07 2.12
   44 G    1  0 -1 -1  0 -3 -2  5 -4 -2 -3 -2 -1 -1 -2 -1 -2  4  1 -2   11   5   2   3   2   0   2  40   0   2   2   2   2   3   2   5   2   5   4   2  0.53 1.37
   45 R   -3  6 -3 -4 -5  1 -3 -4  2 -5 -4  0 -4 -4  1  0 -1  5 -3 -4    1  54   0   0   0   6   0   1   5   0   1   4   0   0   6   8   4   8   0   0  1.14 1.37
   46 S    2 -4 -4 -4  4 -1 -4 -2  2  1  0 -4  0 -1 -4  1  0  3 -3  3   17   0   0   0   8   3   0   3   6   7   9   0   3   3   0  11   4   4   0  20  0.38 1.37
   47 F   -3 -4 -2 -4  0 -2 -4 -5  2  1  2 -4 -2  6 -4 -4 -2  3 -1  1    1   0   2   0   2   2   1   1   6   5  23   0   0  36   0   1   2   4   0  12  0.77 1.16
   48 A    1  2 -3 -4 -3 -3 -3 -4 -3  2  1 -3  4  3 -3 -3 -2 -2  3  1   12  12   0   1   0   0   1   1   0  12  12   1  11  12   1   1   1   0  11  12  0.38 0.79
   49 R   -2  2  3 -2 -3 -2 -2 -3 -2  2  1 -2 -1 -2 -3  1 -2  6 -2 -2    1  15  15   1   0   1   1   1   0  15  16   1   0   1   1  15   1  14   0   1  0.44 0.57
   50 A    0 -1 -2 -2 -3  0 -1 -1 -2 -3 -2 -1 -2 -1  6 -1  0 -3  0 -1    6   3   1   1   0   3   4   4   0   1   4   4   0   3  48   4   6   0   3   4  0.86 0.64
   51 S    2 -2 -1 -2 -2 -1 -2 -2 -2 -3 -3 -2 -2 -3 -2  6  0 -3 -3 -2   13   1   1   1   0   1   1   1   0   1   2   1   0   1   1  72   1   0   1   1  0.85 0.64
   52 G   -1 -1  1  0  1 -2  0  5 -3 -4 -4 -2 -3 -4 -3  0 -2 -3 -3 -3    4   4   6   4   3   1   7  55   0   1   1   1   0   1   1   8   1   0   1   1  0.75 0.67
   53 T   -2 -2 -2 -2 -2 -2 -2 -3 -2 -2 -2 -2  3 -2 -2 -1  6 -3  2 -2    1   1   1   1   0   1   1   1   0   1   1   1   8   1   1   1  71   0   7   1  0.94 0.67
   54 E   -2 -2 -2  0 -4  1  6 -3 -2 -4 -4 -1 -3 -4 -2 -2  1 -4 -3 -3    1   1   0   1   0   4  79   1   0   1   1   1   0   0   1   1   8   0   0   1  1.20 0.72
   55 D   -1 -2  4  5 -4 -1  0 -3 -1 -3 -4 -1 -3 -4  4 -1 -2 -4 -4 -4    4   1  20  33   0   2   5   1   1   1   1   2   0   0  22   4   1   0   0   1  0.77 0.72
   56 A    0 -2 -3 -4  0 -3 -3 -4 -4  2  3 -2  1 -1 -3 -2  2 -3 -3  3    6   1   0   1   1   0   1   1   0   9  31   2   2   1   1   2  12   0   0  27  0.44 0.72
   57 V   -2 -4 -4 -2  2 -3 -3 -4 -4  4  2 -3  0 -1 -4 -3 -2 -3 -1  4    2   1   0   3   4   0   1   1   0  22  17   1   1   2   1   1   1   0   1  41  0.61 0.72
   58 R   -3  7  1 -3 -4  0 -2 -3  1 -4 -3  1 -3 -4 -3 -2 -2 -4 -3 -4    1  76   7   1   0   2   1   1   3   1   1   3   0   0   1   1   1   0   0   1  1.27 0.72
   59 V   -2 -4 -4 -4 -2 -3 -4 -4 -4  4  0 -4  1 -2 -4 -3 -1 -4 -3  5    1   0   0   1   0   0   1   1   0  26   3   1   3   0   0   1   2   0   0  60  0.91 0.72
   60 Y   -3 -4 -3 -5 -4 -3 -4 -4  0 -2 -1 -4  6  2 -5 -3 -2  0  8 -2    0   0   1   0   0   0   0   1   1   0   1   0  29   4   0   0   1   0  61   1  1.45 0.79
   61 A    5 -4 -3 -4  0 -3 -3 -2 -4 -1 -2 -3 -1 -4 -3  1 -1 -5 -4  3   62   0   0   0   1   0   0   2   0   2   2   0   1   0   0   8   2   0   0  21  0.76 0.79
   62 E   -3 -2 -2  0 -5  0  7 -4 -2 -5 -4  0 -4  2 -3 -2 -3 -4 -3 -4    0   0   0   1   0   1  83   0   0   0   0   4   0  10   0   0   0   0   0   0  1.32 0.77
   63 A    5 -4  0 -3  4 -3 -3  1 -2 -3 -3 -3 -3 -4 -3  0 -2 -5 -4 -1   61   0   5   1  11   0   0  11   1   0   1   0   0   0   0   5   1   0   0   4  0.82 0.87
   64 A    1 -1 -1  1 -2  3  1  0 -2 -3 -3  0 -3 -3  2  2  0 -5 -2 -3   12   2   2  10   1  17   9   7   1   1   1   5   0   1  11  16   4   0   1   1  0.33 0.86
   65 S   -1  1  1  2 -3 -2 -1 -3 -2  0 -1 -2 -2 -4 -3  1  5 -5 -4 -2    2   9   5  11   0   1   3   0   1   5   5   1   0   0   0  11  44   0   0   1  0.56 0.93
   66 R   -1  1 -2  0 -4  5  2 -3  0 -3 -1  3 -1 -3 -2 -1 -2 -3 -3 -2    5   7   0   4   0  29  14   1   2   1   7  16   2   1   2   2   1   0   0   2  0.49 1.00
   67 S    1 -2 -1  1 -3  1  5 -2 -2 -4 -4  0 -3 -4 -1  1 -1 -5 -3 -2   13   1   2   8   0   4  45   2   1   1   1   4   0   0   2   8   3   0   1   3  0.63 1.06
   68 E    1  0  1  4 -5  2  3 -1 -1 -2  0  0 -1 -5 -4 -2 -1 -2 -3 -2   11   4   6  21   0  10  18   5   1   2   9   4   1   0   0   2   3   1   0   2  0.36 1.10
   69 A    5 -3 -4 -5  5 -4 -4 -3 -4  0 -1 -3 -1 -4 -4 -1  0 -3 -4  2   58   1   0   0  11   0   0   0   0   4   5   0   1   0   0   1   4   0   0  12  0.86 1.14
   70 D   -3  0  1  6 -4  1  3 -3 -1 -4 -5  0 -4 -5 -4 -2  0 -6 -4 -4    1   5   5  47   0   7  18   1   2   1   1   4   0   0   0   1   6   0   0   1  0.94 1.15
   71 D    1  1 -1  2 -3  1  3 -3  0 -4 -3  2 -3 -4 -3  2 -1  2 -3 -3   10   7   3  11   0   7  21   1   2   1   2  10   0   0   0  16   3   3   1   1  0.39 1.20
   72 L   -3 -4 -5 -5 -1 -4 -4 -6 -3  2  5 -4  1 -1 -5 -3 -2  0  3  2    2   0   0   0   1   0   1   0   1  12  54   0   3   1   0   1   1   1   9  11  0.82 1.23
   73 A    5 -4 -3 -4  2 -3 -3 -1 -3 -2 -2 -3 -1 -4 -4  0 -1 -5 -4  2   62   0   0   1   5   0   0   3   0   1   3   0   1   0   0   5   3   0   0  14  0.89 1.25
   74 T    1  1  3  1 -3  1  2 -1  3 -3 -2  0 -2 -1 -4 -1  0 -4 -1 -3   12   7  14   9   0   6  12   4   9   1   3   6   1   3   0   4   5   0   2   1  0.28 1.28
   75 R   -1  3 -2  0 -4  2  3 -3  0 -3 -1  2 -1 -3 -4  2 -1 -5 -2 -3    4  16   1   4   0   8  19   1   2   1   8  13   1   1   0  15   4   0   1   1  0.39 1.31
   76 V   -2 -5 -6 -6 -3 -5 -5 -4 -6  5  2 -5  1 -2 -5 -5 -3 -5 -2  4    2   0   0   0   0   0   0   2   0  36  19   0   3   1   0   0   1   0   1  36  1.03 1.32
   77 A    5 -2 -2 -4  1 -2 -1  1 -3 -2 -3 -1 -1 -5 -4  1 -2 -5 -4  2   51   1   1   0   2   1   4   9   0   1   2   3   2   0   0   8   1   0   0  13  0.65 1.31
   78 N    0  0  1  3 -3  2  2  0 -1 -3 -1  3 -3 -4 -4 -1 -2 -6 -4 -3    9   4   5  16   0  11  14   7   1   2   5  18   0   0   0   3   2   0   0   2  0.38 1.33
   79 A    2 -3 -5 -5 -3 -3 -2 -4  1  2  3 -2  0 -2 -5 -3 -2 -2 -3  4   22   1   0   0   0   1   2   0   4   8  28   2   2   1   0   1   1   1   0  26  0.55 1.34
   80 V   -3 -5 -6 -6 -1 -5 -5 -6 -6  4  0 -5 -1 -3 -5 -4 -1 -6 -4  6    1   0   0   0   1   0   0   0   0  22   4   0   1   0   0   0   3   0   0  70  1.37 1.32
   81 R   -2  4 -3 -3 -4  3  1 -5  2 -4 -2  3 -4  1 -4 -2 -3 -2  4 -3    3  19   0   1   0  13   9   0   5   1   3  20   0   5   0   2   1   0  17   1  0.63 1.29
   82 D   -2 -1  1  4 -6  3  4 -4  1 -5 -5  1 -3 -6 -4 -1 -2 -6 -4 -4    3   2   7  24   0  16  28   0   3   0   0   9   0   0   0   2   2   0   0   1  0.79 1.27
   83 A    3 -2 -2 -5 -2 -2 -3 -4 -1 -2  1 -1 -2  5 -5  0 -3 -3  5 -2   23   1   1   0   1   1   1   0   1   1  13   3   0  22   0   9   1   0  19   2  0.59 1.20
   84 G    5 -4 -3 -4 -3 -3 -4  5 -4 -5 -5 -3 -4 -5 -4 -2 -3 -5 -5 -3   53   0   0   0   0   0   0  47   0   0   0   0   0   0   0   0   0   0   0   0  1.25 0.98

                      K         Lambda
Standard Ungapped    0.1252     0.3115
Standard Gapped      0.0410     0.2670
PSI Ungapped         0.1585     0.3177
PSI Gapped           0.0485     0.2670
