
Last position-specific scoring matrix computed, weighted observed percentages rounded down, information per position, and relative weight of gapless real matches to pseudocounts
           A  R  N  D  C  Q  E  G  H  I  L  K  M  F  P  S  T  W  Y  V   A   R   N   D   C   Q   E   G   H   I   L   K   M   F   P   S   T   W   Y   V
    1 T   -1 -2 -1 -2 -2 -2 -2 -3 -3 -2 -3 -2 -2 -4 -2  2  7 -4 -3 -1    0   0   0   0   0   0   0   0   0   0   0   0   0   0   0  11  89   0   0   0  1.09 0.49
    2 F   -4 -4 -5 -5 -4 -4 -5 -5 -4 -1  4 -5  0  7 -5 -4 -3 -1  0 -2    0   0   0   0   0   0   0   0   0   0  43   0   0  57   0   0   0   0   0   0  1.20 0.64
    3 L    1  2 -2 -3 -3  1 -2 -3 -3 -2  2  0  0 -3 -3  4 -1 -4 -3 -2   12  16   0   0   0   6   0   0   0   0  23   3   2   0   0  39   0   0   0   0  0.44 0.64
    4 H   -3  1 -1 -1 -5  3  4 -4  8 -5 -4 -1 -3 -4 -3 -2 -3 -4  0 -4    0   5   0   0   0  15  35   0  44   0   0   0   0   0   0   0   0   0   1   0  1.18 0.66
    5 T   -1 -4 -3 -4 -3 -3 -3 -4 -4  1 -2 -3 -1 -3 -3 -1  5 -4 -3  5    1   0   0   0   0   0   0   0   0   3   0   0   0   0   0   1  42   0   0  53  0.87 0.66
    6 V   -3 -4 -5 -5 -3 -4 -5 -5 -4  1  4 -4  4  3 -5 -4 -3 -3 -2  3    0   0   0   0   0   0   0   0   0   4  47   0  13  12   0   0   0   0   0  24  0.78 0.66
    7 Y   -4 -4 -4 -5 -4 -4 -5 -5 -2 -2 -2 -4 -2  8 -5 -3  0  0  5 -3    0   0   0   0   0   0   0   0   0   0   0   0   0  70   0   0   7   0  23   0  1.48 0.66
    8 C   -2 -5 -4 -5 11 -5 -6 -4 -5 -3 -3 -5 -3 -4 -5 -3 -3 -4 -4 -2    0   0   0   0 100   0   0   0   0   0   0   0   0   0   0   0   0   0   0   0  2.66 0.66
    9 Q   -2 -1 -2 -2 -5  8  0 -4 -1 -5 -4  0 -2 -5 -3 -2 -2 -4 -3 -4    0   0   0   0   0 100   0   0   0   0   0   0   0   0   0   0   0   0   0   0  1.68 0.66
   10 D   -2  0  2  3 -5 -2  0 -3 -3 -2 -3 -1 -2 -5  6 -1 -2 -5 -2 -4    1   5  13  21   0   0   4   0   0   2   2   4   1   0  42   2   1   0   1   0  0.93 0.66
   11 G    0 -2 -2  5 -4  1 -1  4 -3 -5 -5 -2 -4 -4 -1  0 -3  5 -4 -5    6   1   0  34   0   7   3  33   0   0   0   0   0   0   3   5   0   8   0   0  0.79 0.70
   12 S   -1 -1  1  0 -3 -2  2 -3 -1 -3 -4 -2  1 -2  0  4  2  1 -2 -3    1   3   7   4   0   0  15   0   1   1   0   0   5   2   3  42  10   3   1   1  0.47 0.70
   13 P   -2 -4 -4 -3 -5 -3 -3 -4 -4 -5 -5 -3 -4 -6  9 -1 -3 -6 -5 -4    0   0   0   0   0   0   0   0   0   0   0   0   0   0  97   3   0   0   0   0  2.60 0.70
   14 S   -1 -2  2 -2 -3 -2 -2 -2 -3 -3 -2 -1 -1  0 -3  5  0 -4 -3 -2    0   1   9   1   0   0   1   1   0   0   5   2   1   5   0  69   3   0   0   1  0.75 0.70
   15 V   -1  0 -4 -4 -3 -1 -3 -5 -4  2  3 -2  1  0  1  0 -2 -4  0  2    3   5   0   0   0   3   1   0   0  13  34   1   4   3   7   7   0   0   3  17  0.36 0.70
   16 G    0 -4 -2 -3 -4 -3 -3  6 -4 -4 -5 -3 -4 -5 -4  1 -3 -4 -5 -1    8   0   0   0   0   0   1  75   0   0   0   0   0   0   0  10   0   0   0   7  1.23 0.70
   17 L   -2 -2 -5 -5 -3 -4 -5 -5 -5  0  6 -4  0  0 -5 -4 -3 -3 -3 -1    3   2   0   0   0   0   0   0   0   0  94   0   0   1   0   0   0   0   0   0  1.17 0.70
   18 S    3 -3 -2 -3 -3 -2 -2 -2 -3 -3  0 -2 -2 -2 -3  5  0 -4 -3 -2   33   0   0   0   0   0   0   0   0   0  13   0   0   2   0  51   2   0   0   0  0.69 0.70
   19 E   -3 -2 -2  1 -4  2  5 -4 -2 -1 -1  2 -2 -1 -3 -2 -2 -4 -3  2    0   0   0   5   0  11  44   0   0   3   4  11   0   3   0   0   0   0   0  18  0.61 0.70
   20 A    3 -3 -1 -3 -3 -2 -3 -1 -3 -3 -3 -2  3 -4 -3  2  4 -4 -3 -1   26   0   3   0   0   0   0   3   0   0   0   0  11   0   0  18  38   0   0   2  0.63 0.70
   21 Y   -4 -4 -5 -5 -4 -4 -5 -5 -2 -2  2 -4 -1  6 -5 -4 -3  0  7 -2    0   0   0   0   0   0   0   0   0   0  24   0   0  37   0   0   0   0  39   0  1.23 0.70
   22 D   -3 -3  1  7 -5 -2  0  0 -3 -5 -6 -2 -5 -5 -3 -2 -3 -6 -5 -5    0   0   5  87   0   0   0   8   0   0   0   0   0   0   0   0   0   0   0   0  1.59 0.70
   23 E   -1 -2  1  1 -4  1  4  3 -2 -5 -4 -2 -4 -5 -3  1  0 -5 -4 -4    3   0   7   6   0   5  39  23   0   0   2   0   0   0   0   9   6   0   0   0  0.62 0.70
   24 D   -3 -3  1  7 -5  0  3 -3 -3 -5 -3 -2 -4 -5 -3 -2 -3 -6 -5 -5    0   0   3  68   0   4  22   0   0   0   3   0   0   0   0   0   0   0   0   0  1.29 0.70
   25 Q   -2 -1 -2 -2 -4  7  0 -2  0 -3  0 -1 -2 -4  0 -2 -3 -4  0 -3    1   0   0   0   0  75   1   3   1   0  13   0   0   0   4   0   0   0   3   0  1.10 0.70
   26 L   -3 -4 -5 -6 -3 -4 -5 -5 -5  0  6 -4  4 -1 -5 -4 -3 -3 -3  0    0   0   0   0   0   0   0   0   0   0  87   0  11   0   0   0   0   0   0   1  1.19 0.70
   27 F   -4 -5 -5 -5 -4 -5 -5 -5 -3 -2 -1 -5 -2  8 -6 -4 -4 -1  3 -3    0   0   0   0   0   0   0   0   0   0   0   0   0  96   0   0   0   0   4   0  1.91 0.70
   28 F    0 -1 -2 -3 -3  2 -2 -3  2 -4 -4 -2 -3 -1 -3  5 -1  8 -2 -4    4   3   0   0   0  10   0   0   5   0   0   0   0   2   0  51   1  25   0   0  1.02 0.70
   29 F   -4 -4 -5 -5 -4 -5 -5 -5 -2 -2 -1 -5 -2  8 -5 -4 -4  0  5 -3    0   0   0   0   0   0   0   0   0   0   0   0   0  81   0   0   0   0  19   0  1.74 0.70
   30 D   -3 -3  4  7 -5 -2  0 -3 -2 -5 -5 -2 -5 -5 -3 -1 -2 -6 -5 -5    0   0  25  71   0   0   0   0   0   0   0   0   0   0   0   4   0   0   0   0  1.45 0.70
   31 F   -3 -5 -5 -5 -4 -5 -5 -5 -3 -2 -1 -5 -2  8 -5 -4 -4 -1  1 -1    2   0   0   0   0   0   0   0   0   0   0   0   0  94   0   0   0   0   0   4  1.78 0.70
   32 S    0 -3 -1 -2 -4 -2  0 -3 -3 -4 -3 -2 -4 -5  6  4 -1 -5 -4 -4    8   0   1   1   0   1   7   0   0   0   2   0   0   0  37  42   2   0   0   0  1.01 0.82
   33 Q   -1  1  1  0 -5  4  1  3  2 -5 -4  1 -3 -5 -4 -1  0 -5 -4 -4    3   6   7   6   0  23   8  24   5   0   2   7   0   0   0   4   5   0   0   0  0.50 0.82
   34 N   -1 -1  5  0 -4  0 -2 -1  3 -5 -5  0 -4 -5 -3  5 -1 -5 -3 -4    2   1  28   3   0   4   0   2   7   0   0   6   0   0   0  47   0   0   0   0  0.81 0.82
   35 T   -2  3 -2 -3 -4  3 -2 -3  1  0 -3 -2 -1 -4 -3  3  3 -5 -3 -2    0  17   0   0   0  13   0   0   4   7   0   0   1   0   0  31  25   0   0   2  0.59 0.82
   36 R   -4  5 -4 -5 -4 -2 -3 -4 -3 -4 -4 -2 -3 -2 -5 -2  0 10 -1 -1    0  37   0   0   0   0   0   0   0   0   0   0   0   0   0   2   7  49   0   6  1.83 0.82
   37 V   -2 -1  0 -1 -3 -2 -1 -4  2  2  1 -3 -2 -3 -4  0  0 -5 -3  4    0   4   5   3   0   2   4   0   6  11  11   0   0   0   0   7   6   0   0  41  0.43 0.82
   38 P    1 -3 -3 -3 -4 -3 -2 -3 -3 -4 -4 -2 -3 -4  8  1 -2 -4 -4 -3   11   0   0   0   0   0   1   1   0   0   1   1   0   0  69  13   1   0   0   1  1.65 0.75
   39 R   -3  7 -3 -4 -5  1 -2 -1  0 -1 -4  0 -3 -4 -4 -3 -3  4 -3 -4    0  76   0   0   0   6   0   5   2   4   0   0   0   0   0   0   0   7   0   0  1.33 0.82
   40 L   -3 -4 -6 -6 -3 -4 -5 -6 -5  2  6 -5  0 -1 -5 -5 -3 -4 -3 -1    0   0   0   0   0   0   0   0   0  11  89   0   0   0   0   0   0   0   0   0  1.27 0.82
   41 P   -2 -4 -4 -3 -4 -3 -3 -4 -4 -4 -5 -3 -4 -5  8  0 -1 -5 -5 -4    1   0   0   0   0   0   0   0   0   0   0   0   0   0  80   7   3   0   0   0  1.97 0.82
   42 E   -3 -3  0  5 -5 -1  5 -3 -2 -5 -5 -2 -4 -5 -3  0 -3 -5 -4 -5    0   0   4  41   0   0  41   0   0   0   0   0   0   0   0   5   0   0   0   0  1.01 0.82
   43 F   -2 -4 -5 -5 -4 -5 -5 -1 -4 -2  2 -5 -1  7 -2 -4 -4 -2  0 -2    2   0   0   0   0   0   0   5   0   0  20   0   0  61   2   0   0   0   0   0  1.05 0.82
   44 A    4 -1  2 -1 -3  2 -2 -3 -3 -4 -4 -1 -3 -5  4 -1 -1 -5 -4 -3   35   3   9   3   0  12   0   0   0   0   0   3   0   0  21   2   3   0   0   0  0.53 0.82
   45 D    0 -2 -1  4 -4  1 -1 -3 -1 -5 -5  1 -4 -5  5  0 -3 -5 -3 -4    7   1   1  23   0   8   3   1   1   0   0   8   0   0  31   6   0   0   1   0  0.69 0.82
   46 W   -2 -2 -5 -4 -4 -3  1 -4 -4 -4 -4 -4 -3 -1 -5 -4 -4 12  0 -5    3   2   0   0   0   0  10   0   0   0   0   0   0   0   0   0   0  75   0   0  2.53 0.82
   47 A    4 -3 -3 -3 -3 -3 -1 -3 -4 -3 -2 -3 -3 -4  4  0  1 -5 -4  0   41   0   0   0   0   0   4   0   0   0   2   0   0   0  21   7   8   0   0   8  0.56 0.82
   48 Q    0  0 -2 -2 -4  5  1  0  1 -4 -3  0 -3 -5  1  1 -2 -4 -3 -4    7   3   0   0   0  39   7   7   4   0   1   5   0   0   7  11   1   0   0   0  0.51 0.82
   49 E    2 -2  2  4 -4  0  2  0 -3 -4 -4  2 -4 -5 -3 -1 -1 -5 -4 -4   16   0  12  23   0   4  12   6   0   0   0  11   0   0   0   3   3   0   0   0  0.39 0.82
   50 Q   -2  2 -3 -3 -4  4  0 -4  0  0  1 -1 -2  1 -1  0  0 -4 -3 -3    1  14   0   0   0  24   5   0   2   6  15   2   0   7   2   6   5   0   0   0  0.26 0.82
   51 G   -2  0 -2 -1 -4 -2  4  3 -3 -4 -4 -2 -4 -5  1  2  1 -5 -4 -2    0   6   0   1   0   0  27  21   0   0   0   0   0   0   7  15  11   0   0   3  0.41 0.82
   52 D   -2 -3  1  5 -4  1 -1 -3 -3 -4 -5 -2 -4 -5  2  3  2 -5 -4 -4    0   0   4  37   0   7   0   0   0   0   0   0   0   0   9  22  12   0   0   0  0.66 0.82
   53 A    2 -3 -2 -3 -3 -3 -1 -3 -4  1 -1 -1 -2 -4  4  1  2 -5 -4 -2   20   0   1   0   0   0   3   0   0   8   5   3   1   0  23   9  17   0   0   2  0.41 0.82
   54 P    1 -3 -2  1 -4  2  2 -3  1 -4 -3 -1 -3 -4  2  3 -1 -5 -2 -4   12   0   0   9   0  11  11   0   4   0   1   2   0   0  11  26   2   0   1   0  0.37 0.82
   55 A    2 -2  3  1 -4  3  3 -3 -2 -4 -4 -1 -3 -1 -3 -1  1 -4 -3 -3   22   0  13   7   0  17  20   0   0   0   0   1   0   3   0   2   8   0   0   0  0.42 0.80
   56 I   -3 -5 -5 -5 -3 -5 -5 -6 -5  6  2 -5  0 -2 -5 -4 -3 -4 -3  3    0   0   0   0   0   0   0   0   0  65  19   0   0   0   0   0   0   0   0  16  1.13 0.80
   57 L    1 -1 -1 -2 -3  1 -3 -4 -3 -2  3 -2  0  2 -4  2 -2 -4 -2  0   13   2   2   2   0   8   0   0   0   0  36   1   1  10   0  19   0   0   0   5  0.36 0.80
   58 F    0 -1 -1 -4 -4  0 -3 -4  3 -3  0  1 -2  6  0  0 -3 -2  0 -2    9   3   2   0   0   4   0   0   7   0   7  11   0  42   5   7   0   0   0   2  0.58 0.80
   59 D   -4 -3 -1  7 -5  0  2 -4 -3 -4 -1 -2  0 -5 -4 -2 -3 -6 -5 -4    0   0   0  76   0   3   9   0   0   0   8   0   4   0   0   0   0   0   0   0  1.36 0.80
   60 K    2  1 -1 -3 -4  0  0 -1 -3 -2 -1  4 -3 -1 -3  0  0 -5 -3 -3   24   6   1   0   0   2   4   5   0   3   5  35   0   3   0   6   5   0   0   0  0.42 0.80
   61 E    0  0  1  0 -4  2  3  0 -3 -2 -4 -1 -3 -4 -3  0  2  1 -4  1    8   4   7   4   0  10  21   9   0   2   0   3   0   0   0   4  16   2   0  10  0.30 0.80
   62 F   -4 -5 -5 -6 -4 -5 -5 -6 -4  2  4 -5 -1  6 -5 -4 -3 -2  0 -1    0   0   0   0   0   0   0   0   0  14  40   0   0  44   0   0   0   0   0   2  1.09 0.80
   63 C   -2 -6 -5 -6 11 -5 -6 -5 -5 -3 -3 -5 -3 -4 -5 -3 -3 -4 -4 -3    0   0   0   0 100   0   0   0   0   0   0   0   0   0   0   0   0   0   0   0  2.84 0.80
   64 E   -3  3 -1  0 -5  6  2 -4 -2 -4 -2  2 -1 -5 -3 -2  0 -4 -4 -4    0  18   2   4   0  45  11   0   0   0   3   9   2   0   0   1   6   0   0   0  0.84 0.82
   65 W    1  1 -1  3 -4  0  3 -3  0 -1 -2  0  1 -2 -3 -1  2 -2 -3 -2   10   7   2  19   0   2  21   1   2   5   2   3   5   2   0   3  12   1   0   1  0.33 0.82
   66 M   -2 -4 -5 -5 -3 -4 -5 -5 -4  2  4 -4  6  1 -5 -2 -3 -4 -3  0    3   0   0   0   0   0   0   0   0  13  45   0  26   6   0   3   0   0   0   5  0.85 0.82
   67 I   -2  2 -4 -5 -3 -1 -4 -5  0  4  4 -3  3 -2 -5 -4 -2 -4 -3  2    1  11   0   0   0   3   0   0   2  24  37   0   8   0   0   0   2   0   0  10  0.61 0.81
   68 Q   -3  2 -2  1 -5  6  3 -2  2 -5 -4  0 -3 -5 -3 -2 -3 -4 -3 -4    0  13   0   8   0  47  22   2   5   0   0   3   0   0   0   0   0   0   0   0  0.94 0.70
   69 Q   -1 -1  4  0 -4  4  3  1  0 -3 -4  0 -3 -5 -3  0 -2 -5 -4 -4    5   2  25   3   0  19  26   9   1   2   0   3   0   0   0   5   0   0   0   0  0.59 0.67
   70 I   -3 -4 -5 -5 -3 -4 -5 -5 -5  5  3 -4  0 -2 -4 -4 -2 -4 -3  3    0   0   0   0   0   0   0   0   0  43  35   0   0   0   0   0   0   0   0  22  0.88 0.63
   71 G   -1 -4 -1 -2 -4 -3 -3  7 -3 -5 -5 -3 -4 -4 -3 -1 -3 -4 -4 -4    0   0   0   0   0   0   0 100   0   0   0   0   0   0   0   0   0   0   0   0  1.57 0.39

                      K         Lambda
Standard Ungapped    0.1394     0.3233
Standard Gapped      0.0410     0.2670
PSI Ungapped         0.1917     0.3182
PSI Gapped           0.0587     0.2670
