
Last position-specific scoring matrix computed, weighted observed percentages rounded down, information per position, and relative weight of gapless real matches to pseudocounts
           A  R  N  D  C  Q  E  G  H  I  L  K  M  F  P  S  T  W  Y  V   A   R   N   D   C   Q   E   G   H   I   L   K   M   F   P   S   T   W   Y   V
    1 V   -3 -5 -5 -6 -3 -5 -5 -6 -5  5  2 -5  1 -3 -5 -4 -3 -5 -3  5    0   0   0   0   0   0   0   0   0  38  13   0   3   0   0   0   0   0   0  46  1.11 0.99
    2 K   -2  0 -2 -3 -5  2  1 -2 -3 -5 -4  5 -2 -6  5 -2 -3 -5 -4 -2    1   3   0   0   0   9  10   2   0   0   0  44   1   0  25   1   0   0   0   3  0.94 1.05
    3 Y   -4 -4  3  0 -5 -2 -2 -5  0 -4 -2 -4  0  3  1 -3 -2 -1  7 -4    0   0  15   5   0   1   2   0   1   0   3   0   2  12   7   1   1   0  49   0  1.10 1.06
    4 G    3 -3 -3 -4 -2 -4 -4  6 -1 -3 -3 -4 -4 -5 -3 -1 -3 -5 -5 -4   30   1   0   0   1   0   0  61   2   1   3   0   0   0   1   1   0   0   0   0  1.19 1.06
    5 K    0  2  0  0 -5 -1  0 -4 -2 -4 -4  6 -4 -5 -4  0  1 -5 -4 -2    9   9   5   4   0   2   4   0   0   0   1  49   0   0   0   6  10   0   0   2  0.74 1.09
    6 R   -1  6 -2 -4 -5  0  0 -3  0 -5 -3  3 -4  0 -4 -2 -3 -1 -4 -3    6  52   1   0   0   4   5   1   2   0   2  18   0   4   0   2   0   1   0   1  0.96 1.11
    7 I   -2 -5 -6 -6 -3 -5 -5 -6 -6  6  0 -5  0 -3 -5 -4 -1 -5 -4  5    2   0   0   0   0   0   0   0   0  51   3   0   1   0   0   0   2   0   0  41  1.25 1.11
    8 H   -2  0 -2 -1 -2  0  0 -4  9 -2 -2 -1 -3 -3 -2  0 -1 -5  0 -2    2   4   1   2   1   4   6   0  54   3   4   3   0   1   2   6   3   0   2   3  1.15 1.13
    9 V   -3 -5 -6 -6 -1 -5 -5 -6 -6  6  0 -5  0  2 -5 -5 -3 -5 -3  5    0   0   0   0   1   0   0   0   0  45   5   0   1   8   0   0   0   0   0  40  1.16 1.12
   10 L   -3  1 -5 -6  0 -1 -4 -6 -5  0  5 -2  1 -1 -3 -3 -3 -4 -2  1    1   9   0   0   2   3   0   0   0   3  62   3   2   2   1   2   1   0   1   8  0.79 1.16
   11 P   -2 -5 -2 -4 -5 -4 -4 -5 -5 -5 -4 -3 -5 -4  8 -2 -3 -6 -5 -5    2   0   2   0   0   0   0   0   0   0   1   0   0   1  92   2   0   0   0   0  2.55 1.14
   12 I   -4 -5 -5 -6 -4 -5 -5 -6 -4  5  0 -5  1  6 -6 -4 -1 -2  3  1    0   0   0   0   0   0   0   0   0  32   5   0   3  39   0   0   5   0  10   6  1.10 1.14
   13 D    1 -3  0  5 -5  1  1  0 -2 -2 -4  0 -2 -4 -4  2 -1 -5  0 -3   11   0   2  38   0   5   8   6   0   2   1   4   1   1   0  13   2   0   3   2  0.60 1.14
   14 D   -3 -1  0  8 -6 -1  1 -3 -3 -6 -6 -3 -5 -6 -4 -3 -3 -6 -5 -5    1   3   3  82   0   1   7   1   0   0   0   0   0   0   0   0   0   0   0   0  1.74 1.15
   15 T    0 -4 -1  2  0 -3 -3 -4 -4 -4 -4 -3 -4 -5 -4  4  6 -5 -4 -1    4   0   1  10   2   0   0   0   0   0   0   0   0   0   0  29  50   0   0   3  0.98 1.17
   16 V   -3 -2 -5 -6 -4 -4 -5 -6 -5  4  2 -2  3 -1 -5 -3 -1 -5 -4  4    0   3   0   0   0   0   0   0   0  28  21   3   6   2   0   2   3   0   0  32  0.83 1.24
   17 E   -1 -2  0  0 -6  2  6 -2 -1 -4 -4  2 -4 -6  1 -1 -3 -6 -5 -3    3   0   4   3   0   9  50   3   1   1   1  14   0   0   6   3   1   0   0   2  0.85 1.26
   18 G   -2 -2  2 -1 -2 -4 -3  6  1 -6 -6 -2 -1 -6 -5  1  0 -5 -5 -5    1   2  10   3   1   0   1  62   4   0   0   2   2   0   0   8   5   0   0   0  1.11 1.25
   19 I   -2 -5 -3 -1 -4 -5 -5 -6 -5  4  4 -5  1  2 -3 -4 -2 -4  2  2    3   0   2   4   0   0   0   0   0  21  35   0   3   9   1   0   1   0   6  14  0.66 1.25
   20 T   -1  1  2  0 -4 -1  0 -1 -3 -5 -4  1 -4 -5 -1  3  4 -5 -2 -3    4   7  10   5   0   2   5   3   0   0   1   7   0   0   3  27  24   0   2   1  0.51 1.25
   21 G   -1 -1 -3 -2 -2  0  2  6 -4 -3 -5 -3 -5 -2 -1 -2 -3 -1  0 -2    3   3   0   1   1   4  14  59   0   1   0   1   0   2   3   1   1   1   3   3  0.95 1.25
   22 N   -1 -1  5  5 -5 -2  1 -2 -3 -5 -5  1 -4 -5 -4  1 -3 -5 -4 -5    5   3  29  31   0   0   8   2   0   0   0   9   0   0   0  11   0   0   0   0  0.84 1.13
   23 L   -3 -4 -4 -4 -3 -4 -4 -4 -4  3  4 -4  1  1 -2 -2 -2  2 -3  1    1   1   1   1   0   0   1   1   0  19  49   1   3   5   2   3   2   3   0   7  0.72 1.09
   24 F   -2 -1 -4 -4  0 -4 -4 -4  1 -1  0 -2 -2  7 -4 -3 -2  3  2 -1    4   3   1   1   2   0   1   1   3   3   6   3   0  56   1   1   3   4   5   4  1.05 1.09
   25 E   -1 -3  0  5 -4  1  4 -2  0 -4 -4  0 -4 -4 -2 -1  0 -4  0 -3    5   1   4  32   0   6  25   2   2   1   1   5   0   0   2   3   5   0   3   2  0.65 1.09
   26 V    1 -3 -1  1 -4  0 -1 -3  0  1 -1  0 -1  0 -2 -1  2 -4 -3  2   11   0   3   9   0   3   4   2   2  10   5   7   1   4   2   3  15   0   0  18  0.21 1.15
   27 Y   -3 -2 -4 -5  0 -4 -4 -5  0 -1  1 -4 -2  5 -5 -2 -3 -1  7 -1    2   2   0   0   2   0   0   1   2   3  12   0   0  27   0   3   0   0  40   4  1.10 1.15
   28 L   -3 -3 -4 -4 -3 -3 -4 -4 -4  2  4 -3 -1  2 -4  1 -2 -3 -2  2    1   1   1   1   0   1   1   1   0  11  46   1   0   9   1  11   1   0   0  14  0.60 0.88
   29 K   -1  1  0 -3 -3  1  1 -1 -3  2  1  3 -2 -3 -3 -1  0 -3  0 -1    6   7   6   1   0   5   8   4   0  13  13  19   0   0   1   4   4   0   4   4  0.18 0.88
   30 P   -2  2  2  2 -4 -2  2  1 -2 -3  0 -2 -3 -4  2  1 -2 -4 -3 -3    1  12  12  12   0   0  12  12   0   1  12   1   0   0  12  12   1   0   0   1  0.32 0.79
   31 Y   -3  2  2 -3 -4  2 -2 -3  4 -4 -3  2 -3  3 -3 -2 -3  6  3 -3    1  12  12   1   0  12   1   1  11   1   1  12   0  12   1   1   1  11  11   1  0.62 0.79
   32 F   -2 -3 -3 -3 -2 -3 -3 -3 -2  3  2 -3 -1  5 -3 -2 -2 -1  4 -1    2   1   1   1   0   1   1   2   1  17  19   1   1  28   1   2   1   0  17   1  0.53 0.47
   33 L   -1  0  0  0  2  0  0 -1  2  0 -1  0  2  1  0 -1  0  4 -4 -1    5   5   5   5   5   5   5   5   5   5   5   5   5   5   5   5   5   5   0   5  0.05 2.12
   34 E   -2  1  2  2 -5  0  4  0  2 -1 -5 -1 -4 -1 -4 -3 -2 -5 -2 -3    3   9  11  13   0   4  33   8   4   4   1   3   0   3   0   0   1   0   2   1  0.57 1.49
   35 A    3 -1  0 -1  2  0 -1 -1  1 -4 -3  2 -1 -4  2  1  1 -5 -1 -2   21   3   4   3   4   3   4   5   3   0   2  13   1   0   9   9  10   0   2   2  0.27 1.39
   36 Y   -2  0 -1 -4 -1 -3 -2 -3  3 -2  0 -2 -1  3 -5 -1  0  3  6 -3    3   5   3   0   1   0   2   2   6   2   9   3   1  11   0   5   7   4  34   1  0.69 1.42
   37 R   -4  7 -3 -1 -1 -2 -3 -1  0  0 -3  1  0 -5 -4  0 -1 -5 -4 -2    0  57   0   3   1   0   0   4   2   6   2   6   3   0   0   7   4   0   0   3  0.99 1.43
   38 P   -1 -1 -1 -4 -4 -3 -3 -4 -4 -2 -2  0 -4 -4  7 -1 -2 -5  0 -4    4   3   3   0   0   0   1   1   0   3   5   6   0   0  61   5   3   0   4   1  1.40 1.37
   39 I   -2 -5 -5 -5  2 -4 -5 -5 -4  3  2 -5  0  2 -5 -4 -3 -4  1  5    2   0   0   0   4   0   0   1   0  16  17   0   2   9   0   1   0   0   6  38  0.77 1.39
   40 R   -2  4 -1 -3  3  1  0 -2  4 -3 -2  1 -1 -4 -4  2  1  1 -1 -4    3  21   2   0   6   5   6   3  12   1   3   7   1   0   0  14  11   2   2   0  0.45 1.39
   41 K    1  1 -3 -3 -4  1  0 -4  3 -1 -1  4  2 -4 -4 -1  2 -5 -3  0   10   6   0   0   0   5   6   1   8   4   6  27   5   0   0   5  12   0   0   6  0.38 1.29
   42 G    0 -3  1  1  3  1  1  0  3  0 -4  1 -4 -5  1  0  1 -5 -4 -4    8   0   7   8   7   7   8   8   7   8   1   8   0   0   8   8   8   0   0   0  0.27 1.34
   43 D   -1 -3  0  5 -5  1  2 -1  2 -4 -4  0  3 -4 -4  0 -1 -4  0 -4    4   0   4  31   0   6  14   4   5   0   1   4   8   0   0   8   4   0   4   0  0.56 1.29
   44 I   -2  1 -1 -4  3 -3 -3 -4  2  3  1 -1  2 -1 -3 -1  1 -3  0  1    3   7   3   1   6   1   1   1   5  21  11   3   5   2   1   6   9   0   4  11  0.28 1.05
   45 F   -3 -4 -4 -4  2 -4 -4 -4 -3  2  1 -4 -2  7 -4 -4 -3 -2  4 -2    1   1   1   1   4   1   1   1   0  11  10   1   0  53   1   1   1   0  12   1  1.15 1.05
   46 L   -1 -1 -1 -4 -3  0 -3 -2 -1  2  3 -1  0  0  0  0  1 -3  0  1    4   4   2   1   0   4   1   4   2  11  28   3   2   3   4   7   8   0   4   9  0.21 1.12
   47 V   -1 -4 -4 -4  4 -4 -4 -4 -4  3 -1 -4  0  0 -4 -3 -1 -4  1  5    5   1   1   1   9   1   1   1   0  13   4   1   2   3   1   1   2   0   5  49  0.78 1.08
   48 R   -2  5  1  0  1  1 -1 -2  5 -5 -5  1  1 -4 -1 -1  0 -5  1 -5    3  28   6   4   3   7   3   4  12   0   0   8   4   0   4   4   5   0   5   0  0.54 1.61
   49 G    0  0  0  0  1 -1 -2  4  0 -4 -3 -1  0  0 -4  0  0 -5 -4  0    9   5   5   6   3   2   3  33   3   0   3   3   3   4   0   6   6   0   0   7  0.38 1.60
   50 G    2 -2  1  1  1  0  0  3  0 -4 -2 -3  1 -5  1 -1  0 -5 -4 -2   14   3   5   7   2   4   7  25   3   0   3   0   4   0   7   4   6   0   0   4  0.33 1.59
   51 M    0 -4  0 -1  2 -1 -1 -1  1  0 -1 -1  6  1  0 -1 -1 -4  0 -1    8   0   5   3   4   3   5   6   3   5   6   3  23   6   4   4   4   0   3   4  0.35 1.72
   52 R   -1  4  0 -4  2  0 -4  1  3  1 -2  1  2 -5  0 -4 -1  2 -4 -1    5  21   4   0   4   4   0  12   8  10   4   7   5   0   6   0   3   3   0   3  0.37 1.74
   53 A    1 -1 -1  0 -4  2  0  0 -3 -2 -1  0 -3 -4  1  2  2 -5 -4 -1    9   3   2   6   0  10   6   7   0   2   8   6   0   0   7  13  15   0   0   5  0.21 1.40
   54 V   -1 -1 -5 -5 -4 -4 -5 -2 -5  2  0 -4  1  1 -5 -1 -1  3 -3  6    5   3   0   0   0   0   0   4   0   8   7   0   3   5   0   5   2   4   0  51  0.77 1.45
   55 E    0  1  2  1 -4  2  1  1 -2 -4 -4  1 -3  2 -4  1 -3 -3  2 -4    9   9   9   9   0   9   9   9   0   0   1   9   0   9   0   9   0   0   9   1  0.29 1.12
   56 F   -2 -3 -3 -4  4 -3 -3 -4 -2 -2 -2 -3 -2  7 -4  1 -2 -1  3  1    1   1   1   1  10   1   1   1   0   1   1   1   0  49   1  13   1   0   9   9  0.91 0.78
   57 K   -2  3 -2 -2  1  2  0  0 -2 -3 -1  5 -2 -4 -3 -2 -2 -4 -3 -1    1  19   1   1   4   7   5   8   0   1   8  38   0   0   1   1   1   0   0   5  0.54 0.78
   58 V    1 -3 -3 -4  5 -3 -3  1 -4  2  1 -3 -2  2 -3 -2  1 -3 -2  1   12   1   0   1  11   0   1  12   0  12  12   1   0  12   1   1  12   0   0  12  0.34 0.79
   59 V   -1 -4  0 -1 -3 -3 -1 -1 -4  3  0 -1  2  0  2 -3  0 -4 -3  3    4   0   4   4   0   0   4   5   0  21   9   4   5   4  10   1   5   0   0  19  0.29 1.06
   60 E    1 -1  0  1  0  1  5 -2  0 -2 -3 -1 -4 -5 -4 -1 -3 -5 -4 -4   15   2   4   7   2   6  48   3   2   3   2   2   0   0   0   2   0   0   0   0  0.73 1.23
   61 T    1 -2 -1 -4  2 -1 -4  0 -5  1 -2 -4  0 -4 -4 -1  5 -5 -4  1   12   2   2   0   4   2   0   6   0  10   3   0   2   0   0   2  39   0   0  12  0.54 1.28
   62 D   -2 -3  1  6 -5  1  3 -2 -1 -5 -4 -1 -4 -3 -4 -3 -1 -6 -5 -2    3   0   4  51   0   5  18   2   1   0   2   4   0   1   0   0   4   0   0   3  0.98 1.19
   63 P   -1 -4 -2  0 -5 -3 -1 -2 -4 -5 -3 -3 -4 -5  8 -1 -3 -5 -5 -4    3   0   2   6   0   0   4   2   0   0   4   0   0   0  71   5   0   0   0   0  1.77 1.17
   64 S    2  0 -2  0  1 -2  1  2 -2 -2 -2 -2 -4 -1  0  2 -1 -5 -4  0   16   5   1   5   3   1  10  17   1   1   4   1   0   3   5  16   2   0   0   7  0.23 1.25
   65 P   -1 -2 -2  1 -5 -1  5 -3 -4 -5 -4  1  1 -6  5 -1 -1 -6 -5 -3    5   1   1   7   0   2  38   2   0   0   1   7   4   0  25   3   4   0   0   2  0.83 1.29
   66 Y    0 -1 -3 -5  0 -3 -2 -5  4 -2 -4 -3 -1  4 -3 -2 -3  0  7 -2    8   4   1   0   2   1   2   0   9   2   0   1   1  17   1   3   1   1  45   2  1.12 1.35
   67 C    0 -3 -2 -5 10 -5 -5  3 -5 -4 -3 -5 -4 -5 -5 -1 -2 -5 -5 -1    6   2   2   0  56   0   0  22   0   0   2   0   0   0   0   4   2   0   0   4  1.66 1.30
   68 I   -2  0 -5 -5 -4 -5 -5 -6  0  6  0 -4 -2 -1 -5  0 -2 -5 -1  3    2   6   0   0   0   0   0   0   3  55   7   0   0   2   0   8   1   0   2  15  0.94 1.29
   69 V   -2 -5 -6 -6 -3 -5 -5 -6 -6  2  0 -5  0 -3 -5 -4 -1 -6 -4  7    3   0   0   0   0   0   0   0   0   7   4   0   2   0   0   0   2   0   0  83  1.45 1.26
   70 A    4 -3 -1 -1 -1 -3 -3  2 -4 -3 -4 -3 -2 -3  0  1  1 -5 -4  0   44   1   2   3   1   0   1  17   0   1   0   0   1   1   4   8  10   0   0   6  0.62 1.25
   71 P    0  1  0  1 -5  3  1 -2 -4 -5 -5 -2 -4 -6  6 -1 -3 -6 -4 -3    7   8   4   6   0  12   8   2   0   0   0   1   0   0  44   4   1   0   1   1  1.01 1.22
   72 D   -3 -3  1  6 -6  1  3 -2 -2 -4 -6  0 -5 -6 -2 -1 -1 -6 -4 -5    1   0   5  50   0   6  22   2   1   1   0   4   0   0   1   4   4   0   1   0  1.07 1.23
   73 T   -2 -4 -2 -3 -3 -3 -2 -2 -4 -2 -4 -3 -3 -5 -2 -1  7 -5 -4 -2    0   0   0   0   0   0   2   3   0   1   0   0   0   0   1   0  91   0   0   1  1.58 1.14
   74 V   -1 -2  0 -1 -4 -1  3 -5 -4  2 -2 -1  0 -2 -4 -1  2 -5 -3  3    3   1   5   2   0   2  22   0   0  12   3   4   2   1   0   3  14   0   0  26  0.43 1.17
   75 I   -4 -5 -6 -6 -4 -5 -6 -6 -6  7  0 -5 -1 -1 -5 -5 -1 -5 -4  3    0   0   0   0   0   0   0   0   0  75   6   0   0   1   0   0   2   0   0  16  1.42 1.12
   76 H   -4 -4 -1 -2 -5 -1 -2 -5  7 -4 -1 -4 -3  6 -5 -2 -4 -2  4 -3    0   0   3   2   0   2   3   0  34   0   6   0   0  33   0   2   0   0  15   1  1.24 1.10
   77 C   -1 -5 -4 -4 10 -5 -5 -4 -3 -3 -3 -5 -4  0 -5 -1  2  1  2 -3    4   0   0   1  59   0   0   1   1   1   1   0   0   5   0   3  14   2   9   0  1.64 1.11
   78 E   -2 -3 -1  4 -6  1  6 -3 -1 -5 -4 -1 -4 -6 -4 -1 -3 -6 -5 -5    2   0   2  23   0   6  59   1   1   0   1   1   0   0   0   3   0   0   0   0  1.18 1.06
   79 G   -2 -5 -3 -4 -5 -4 -4  7 -4 -6 -6 -4 -5 -6 -4 -2 -4 -5 -5 -6    0   0   0   0   0   0   0 100   0   0   0   0   0   0   0   0   0   0   0   0  2.07 0.97

                      K         Lambda
Standard Ungapped    0.1480     0.3251
Standard Gapped      0.0410     0.2670
PSI Ungapped         0.1783     0.3169
PSI Gapped           0.0546     0.2670
