
Last position-specific scoring matrix computed, weighted observed percentages rounded down, information per position, and relative weight of gapless real matches to pseudocounts
           A  R  N  D  C  Q  E  G  H  I  L  K  M  F  P  S  T  W  Y  V   A   R   N   D   C   Q   E   G   H   I   L   K   M   F   P   S   T   W   Y   V
    1 M   -3 -4 -5 -6 -3 -3 -5 -5 -4  2  2 -4  9 -2 -5 -4 -3 -4 -3  3    0   0   0   0   0   0   0   0   0   7  15   0  58   0   0   0   0   0   0  21  1.29 0.90
    2 V   -3 -5 -6 -6 -1 -5 -6 -6 -5  4  3 -5  7 -3 -3 -5 -3 -5 -4  2    1   0   0   0   1   0   0   0   0  20  29   0  34   0   1   0   1   0   0  13  1.19 1.46
    3 N    0 -1  2  0 -5  1  1 -4  2 -5 -4  3 -4 -5  1  2  0 -6 -3 -4    7   2  11   6   0   7   8   1   5   0   2  21   0   0   8  15   7   0   0   1  0.44 1.51
    4 V   -4 -6 -6 -7 -4 -6 -6 -7 -6  6  3 -6  0 -1 -6 -5 -3 -5 -4  4    0   0   0   0   0   0   0   0   0  45  22   0   1   2   0   0   1   0   0  29  1.25 1.55
    5 K   -3  1  0 -3 -3 -1  0 -4  0 -1 -3  4 -3 -3 -5 -1  5 -6 -5 -1    1   8   5   1   0   2   5   0   2   4   2  28   0   1   0   4  33   0   0   4  0.68 1.62
    6 V   -3 -6 -6 -6 -1 -5 -4 -7 -6  4  3 -6 -2 -2 -6 -5 -3 -6 -4  5    2   0   0   0   1   0   1   0   0  23  29   0   0   1   0   0   1   0   0  43  1.14 1.62
    7 E   -3  0 -3 -1 -7  1  7 -2 -1 -3 -5  1 -4 -3 -4 -2 -3 -6 -5 -4    2   3   1   2   0   5  69   3   1   2   1   8   0   1   0   2   1   0   0   1  1.31 1.65
    8 F   -5 -6 -6 -7 -6 -6 -7 -7 -5 -2  1 -6 -1  9 -7 -5 -5  0  0 -3    0   0   0   0   0   0   0   0   0   1   9   0   1  86   0   1   0   1   1   1  2.26 1.65
    9 L    0 -1 -2 -3 -1 -3 -2  3 -5 -4  1 -3 -3 -4 -5  4  1 -6 -4 -3    9   4   2   1   2   1   2  23   0   0  15   0   0   1   0  31   8   0   0   2  0.56 1.67
   10 G   -1 -5 -2 -4 -5 -5 -5  7 -5 -6 -6 -4 -5 -6 -5 -2 -4 -5 -6 -6    4   0   1   0   0   0   0  91   0   0   0   0   0   0   0   2   0   0   0   0  2.07 1.65
   11 G   -1 -5 -3 -3 -5 -5 -5  7 -5 -6 -6 -4 -5 -6 -5 -2 -4 -5 -6 -3    3   0   0   1   0   0   0  88   0   0   0   0   0   0   0   2   0   0   0   2  1.97 1.69
   12 L    2 -5 -4 -6  3 -5 -5 -5 -5 -2  5 -5  3 -3 -5 -1 -2 -5 -4 -1   17   0   1   0   6   0   0   0   0   1  52   0   6   0   0   4   2   0   0   4  0.82 1.78
   13 D   -3 -3 -3  2 -6 -1  7 -5  0 -6 -6 -2 -5 -6 -3 -3 -4 -6 -3 -4    1   1   0  12   0   1  70   0   2   0   0   2   0   0   1   1   0   0   1   1  1.44 1.78
   14 A   -2 -5 -4 -4 -5  0 -3 -6 -1  1  4 -3  3 -1 -5  0  1 -5 -1  1    3   0   1   1   0   5   1   0   2   5  42   2   8   2   0   7   7   0   2   7  0.52 1.89
   15 I   -3 -5 -5 -3 -2 -5 -4 -6 -3  2  6 -5  0 -1 -6 -4 -3 -5 -1 -1    2   0   1   2   1   0   1   0   1   8  70   0   1   2   0   1   1   0   2   2  1.11 1.87
   16 F   -3 -4 -6 -6  2 -6 -6 -6 -2 -2  0 -3 -2  8 -6 -3  0 -3 -1  0    2   1   0   0   4   0   0   0   1   1   6   2   1  61   0   2   5   0   1   7  1.39 1.89
   17 G    0 -4  3  4 -1 -1  0  3 -1 -4 -4 -2 -4 -6 -5  2 -3 -6 -2 -4    7   0  12  19   2   2   5  21   2   1   2   2   0   0   0  17   1   0   1   1  0.49 1.91
   18 K   -2 -3  5  1 -6 -1 -2  1  2 -6 -5  3 -2 -4 -2  1 -4 -6 -5 -6    3   1  28   8   0   3   1  12   4   0   1  21   1   1   2   9   0   0   0   0  0.66 1.89
   19 Q   -2 -1 -3 -2 -5  5  2 -5 -1  1 -4  2 -3 -5 -3 -2  0 -6 -5  2    3   3   1   2   0  24  13   0   1   8   1  13   1   0   1   2   5   0   0  15  0.50 1.88
   20 R   -3  4 -1 -2 -5 -1 -2 -3 -1 -4 -4  5 -4 -6 -1  0  1 -6 -5 -4    2  25   2   1   0   2   1   2   1   1   1  40   0   0   2   6   7   0   0   1  0.84 1.85
   21 V   -2  1 -1 -2 -3  1  2 -3 -1  0 -2  4 -1 -3 -5  0  0 -6 -2  0    2   7   3   2   0   5  11   1   2   5   3  28   2   1   0   8   6   0   1   7  0.33 1.88
   22 H   -4 -1  0 -3 -2  0 -2 -5  9  0  1 -2 -2  0 -5 -2 -3 -3  0 -2    1   3   3   1   1   3   2   0  44   5  13   2   1   4   0   3   1   0   3   2  1.05 1.86
   23 K   -2  0  1  1 -3  2  2 -4  1 -3 -4  3 -2 -2 -3  1  1 -6 -3 -1    2   4   6   8   1   7  12   1   4   2   1  18   1   2   1  11   9   0   1   5  0.28 1.94
   24 I   -1 -5 -4 -6 -1 -3 -4 -6 -1  3  2 -5  0 -2 -6 -3 -2 -5 -2  5    4   0   1   0   1   1   1   0   2  17  21   0   1   1   0   2   2   0   1  38  0.75 1.94
   25 K   -1 -1  2  2 -2  1  2 -3  0 -2 -4 -1 -2 -6 -2  2  3 -6 -3 -1    5   3   9  13   1   5  12   1   2   3   1   4   1   0   2  13  15   0   1   4  0.29 1.96
   26 M   -4 -5 -2 -2 -5 -5 -3 -3 -1  3  4 -3  2  0 -6 -3 -3  0 -4  3    0   0   2   2   0   0   1   2   1  15  40   2   4   3   0   2   1   1   0  16  0.63 1.95
   27 D   -2 -3 -1  2 -1 -2  0 -3 -5 -2 -4 -1 -5 -3  7 -1 -2 -6 -5 -1    3   1   3  10   1   2   7   2   0   2   2   3   0   2  47   4   2   0   0   4  0.97 1.99
   28 K    2 -1  1  1  0 -1 -1  1 -1 -1 -2 -1 -4 -2 -1  2 -1 -6 -5 -1   17   4   6   8   2   3   3  11   2   4   3   4   0   2   3  15   3   0   0   5  0.14 2.01
   29 E   -1  0  0  1  0  2  2  0  0 -2 -3  1 -1 -1  1  0  1  0 -1 -3    4   5   4   6   2   7  13   8   2   2   2   7   2   3   8   6  10   2   2   2  0.10 2.05
   30 D   -2  0  1  3  1  1  1 -1  1 -1 -3  2 -4 -1  0 -1 -1 -5  0 -1    3   4   6  15   3   5   9   5   4   3   3  12   0   3   5   5   4   0   3   4  0.13 1.93
   31 P   -1  0  1  0 -5  1  0  0  2  0 -4  0  2  1  1  0  0 -5 -4  0    6   6   6   6   0   6   6   6   6   6   1   6   6   6   6   6   6   0   0   6  0.07 1.78
   32 V    1 -2 -2 -5  1 -2 -2 -3  0  2  0 -3  0  0 -1 -1  0  7 -1  2   13   2   2   0   2   2   3   2   3  10   8   2   2   4   3   5   6  13   1  14  0.33 1.66
   33 T   -2 -1  2  3  0 -1 -1 -1 -4 -1 -2  0  0 -2 -1  1  4 -5 -4 -2    2   3  10  17   2   2   2   4   0   3   4   6   3   2   2   8  25   0   0   2  0.38 1.53
   34 V    0 -4  0 -5 -4 -4 -4 -5 -4  4  2 -4  5  1 -4 -3  1 -4 -3  2    7   0   6   0   0   0   0   1   0  21  17   0  13   7   0   1   9   0   0  16  0.58 1.39
   35 G    0  1  0 -1  1  0  0  1  1 -2 -2  2 -4 -1 -1  1 -1  3  0 -2    7   9   3   3   3   4   7  12   3   3   3  12   0   3   3  10   4   4   3   4  0.14 1.38
   36 D   -1  0  1  4 -2  1  2 -1  2 -5 -4 -1 -3  1 -3 -1 -1  2  3 -5    4   4   7  23   1   7  11   5   5   0   1   3   1   7   1   4   3   2   9   0  0.42 1.53
   37 L   -2 -5 -6 -6 -4 -5 -5 -6 -5  0  6 -5  0 -1 -5 -3 -2 -4 -4  0    2   0   0   0   0   0   0   0   0   2  80   0   1   2   0   3   2   0   0   6  1.31 1.54
   38 I   -3 -5 -6 -6 -4 -5 -6 -6 -6  5  4 -5  1  0 -3 -5 -2 -5 -4  3    1   0   0   0   0   0   0   0   0  35  38   0   2   3   1   0   1   0   0  16  1.05 1.55
   39 D    0  1  0  2 -1  2  1 -2  2 -2 -2  1 -2 -1 -2  1  0  2 -1  0    9   7   5  11   1   8   8   4   4   2   4   7   1   2   2   9   6   3   2   7  0.12 1.69
   40 H   -3 -2 -4 -5 -5  0 -2 -5  5 -2 -2 -2 -1  1 -5 -3 -2 10  6 -3    1   2   0   0   0   4   3   0  11   2   3   3   1   4   0   2   2  34  23   2  1.48 1.63
   41 I   -3 -5 -6 -6 -4 -5 -6 -6 -6  4  4 -5  4 -1 -5 -5 -2 -5 -4  2    2   0   0   0   0   0   0   0   0  26  44   0  10   2   0   0   2   0   0  12  1.05 1.68
   42 V    0  4 -2 -2  5 -1 -2 -3 -1 -2 -2  4 -1 -3 -5 -1 -1 -5 -3  0    9  23   2   2  10   2   2   2   1   2   5  24   1   1   0   3   3   0   1   7  0.54 1.67
   43 S   -1  1  0  4 -5  1  3 -2 -1 -3 -2  2 -4 -5 -4  1  0  0 -5 -3    5   6   5  20   0   6  16   4   1   2   4  11   0   0   0   9   7   1   0   2  0.40 1.67
   44 T   -2  1  6  0 -2 -1  0 -2  3 -3 -5  0 -4 -2 -2 -1  0 -5 -2 -3    3   6  43   5   1   2   6   2   7   1   0   6   0   2   2   5   5   0   1   2  0.77 1.65
   45 M   -2 -2 -2 -5 -1 -1 -3 -4  1  1  4 -2  4 -1 -3 -2 -2 -4  2  1    3   2   2   0   1   2   2   1   4   6  40   2  10   2   1   3   3   0   8   8  0.53 1.62
   46 I   -1  0 -4 -5 -4  0 -4  0 -5  3  3 -4  4  0  0 -1 -1 -4 -4  0    4   5   0   0   0   4   0   7   0  17  25   0  12   4   4   4   4   0   0   6  0.42 1.56
   47 N   -1  0  0  1  3  0 -1 -2  1 -1 -2  3  0  1 -1  1  1 -5 -4 -1    6   4   4   7   7   4   4   4   3   3   3  17   3   7   3   9   8   0   0   4  0.19 1.54
   48 N   -1 -1  2  5 -5  0  1  0  1 -4 -2  0  1 -4  0 -1 -1 -5  0 -2    4   4   8  28   0   3   7   9   4   1   4   5   3   0   4   4   4   0   3   4  0.37 1.65
   49 P   -1  4  0  0  1  1 -1 -2  1 -1 -2  2  0 -5  2 -1  0 -5 -4 -2    5  19   3   5   3   6   4   4   4   3   4  14   3   0   9   5   5   0   0   4  0.29 1.74
   50 N   -1  3  1  0  2 -1  1 -1  0 -3 -3  3 -4 -2  3  0 -1 -5 -2 -2    5  14   7   5   4   2   7   6   2   2   2  16   0   2  13   6   3   0   2   3  0.31 1.72
   51 D    0  1  1  1 -5  1  1  0  3 -4 -1  1  3 -4  1  0  0 -5 -4 -4    7   7   7   7   0   7   7   7   7   0   7   7   7   0   7   7   7   0   0   0  0.21 1.45
   52 V   -1 -1 -3 -2  2 -1 -1 -1  0  0  1  1  0  0  2  0  0 -4  1  1    6   4   1   3   4   2   4   4   2   6  12   8   2   3   9   8   5   0   5  10  0.09 1.52
   53 S   -1  1 -1  2  0  0  3 -1  0 -1 -2  0 -4  3 -1  0 -2 -4  0 -2    5   7   3  11   2   3  19   4   3   4   4   4   0  11   3   8   2   0   4   3  0.21 1.62
   54 I   -2  1 -5 -2 -5 -2 -5 -6  0  1  4 -4  4  2 -2 -2 -2 -5 -1  1    3   8   0   2   0   2   0   0   3   6  37   0  10   8   2   3   2   0   2  11  0.57 1.74
   55 F   -3 -3 -2  2 -5 -5 -3 -2 -2 -1  1 -5 -3  8 -6 -4 -3 -3  1 -1    2   2   2  11   0   0   1   3   1   3  12   0   0  55   0   0   2   0   3   3  1.19 1.70
   56 I    0 -3 -3 -3  2 -2 -3 -4 -2  3  0 -4  4  1 -2  0 -2 -5 -2  3    8   2   1   2   4   2   2   1   1  18   8   0   9   5   2   7   2   0   1  24  0.43 1.71
   57 E   -2 -2 -1  2  0  3  3 -3 -1 -3  0  1 -1 -3 -2  0  1 -5 -5 -2    3   2   2  10   2  14  20   2   1   2  10   7   2   1   2   8   9   0   0   3  0.34 1.70
   58 D   -2 -3  3  5 -2 -1  1  4  0 -6 -3 -2 -5 -6 -5 -1 -3 -6 -3 -6    3   1  13  28   1   2   9  30   2   0   3   2   0   0   0   3   1   0   1   0  0.80 1.73
   59 D   -2 -3  2  4 -6 -1  2  4 -1 -5 -3 -1 -1 -5 -2 -1 -2  1 -3 -4    3   1   8  25   0   2  15  26   1   0   3   4   1   0   2   4   2   2   1   1  0.63 1.72
   60 S   -1 -1  1  0  0  0  0 -1  4 -3 -3 -1 -4 -2 -4  2  4 -5 -2 -4    5   2   6   5   2   4   5   6   9   1   3   4   0   2   0  16  30   0   1   0  0.49 1.68
   61 I   -2  2 -3 -4 -3 -3 -3 -4 -3  2  1 -3  4 -2  2  1  1 -3  3  1    1  11   0   1   0   0   1   1   0  11  11   1  10   0  11  11  11   0  10  11  0.33 0.90
   62 R   -1  0  1  0  3  1  0 -1  2  0 -1  0  2 -5  0  0  0  4 -4  0    6   6   5   6   5   5   6   6   5   6   6   6   5   0   6   6   6   5   0   6  0.14 1.89
   63 P    0 -3  1  0 -4 -3  0  0  3 -5 -5  0 -4 -5  6  1  0 -5 -4 -4    6   0   5   5   0   0   6   7   7   0   1   6   0   0  37  12   5   0   0   1  0.80 1.41
   64 G    1 -3  2  2 -3 -2 -2  2 -3 -3 -3 -2  4 -3 -3  1 -2  6 -2 -3   13   1  13  13   0   1   1  13   0   1   1   1  13   0   1  13   1  13   0   1  0.49 0.68
   65 I   -3 -4 -4 -4 -3 -3 -4 -4  1  5  0 -3  1  1 -4 -3  0 -3  3  2    1   1   1   1   0   0   1   1   4  45   5   1   4   4   1   1   5   0  12  14  0.64 0.72
   66 I   -3 -3  2 -3 -3 -3 -3 -4 -3  3  4 -3  2  1 -4  0 -2 -3  2 -1    1   0  12   1   0   0   1   1   0  17  38   1   4   5   1   9   1   0   9   1  0.46 0.74
   67 T    1 -3 -3 -3  5 -2 -3 -3 -3  2 -1 -3  1 -1 -1 -2  0 -3 -2  4   11   1   1   1  12   2   1   1   0  13   1   1   4   2   2   1   4   0   0  41  0.49 0.57
   68 L    0 -3 -4 -4  2 -3 -3 -3 -3  2  4 -3  2  0 -3 -3 -2 -3 -2  0    9   1   1   1   4   1   1   1   0  11  54   1   3   4   1   1   1   0   0   5  0.54 0.57
   69 I   -2  1 -3 -4 -2 -3 -3 -4 -3  5  1 -3 -1 -2 -3 -3 -2 -3 -2  4    1   8   1   1   0   1   1   1   0  43   7   1   0   1   1   1   1   0   0  30  0.63 0.57
   70 N   -3 -2  7  2 -3 -1 -1 -2 -1 -4 -4 -2 -3 -4 -3 -1 -1 -4 -3 -4    1   1  77  10   0   1   1   1   0   1   1   1   0   1   1   1   1   0   0   1  1.23 0.57
   71 D   -2 -2  1  6 -4 -1  2  2 -2 -4 -3 -1 -3 -4 -3 -1 -2 -4 -4 -4    2   1   6  50   0   2  10  16   0   1   2   4   0   1   1   2   1   0   0   1  0.79 0.66
   72 T    1  1 -2 -3  5  0 -1 -2 -3  0 -2  0  0 -3 -3  0  3 -3 -1  2   14   9   1   1  13   5   3   2   0   5   1   4   3   1   1   5  18   0   2  15  0.29 0.66
   73 D    0 -3  0  7 -4 -2  0 -2 -2 -4 -4 -2 -4 -4 -3 -2 -2 -4 -4 -4    9   1   1  79   0   1   1   1   0   1   1   1   0   1   1   1   1   0   0   1  1.32 0.66
   74 W   -1 -3 -3 -4 -3 -3 -3 -3 -3  1 -2 -3 -2 -1 -3 -1  0 11  1  1    5   1   1   1   0   1   1   1   0   8   2   1   0   1   1   5   6  51   4  11  1.49 0.66
   75 E   -1  0 -2  1 -2  0  6 -2 -2 -4 -4 -1 -3 -4 -2  0 -1 -4 -3 -3    3   5   1   3   1   1  67   2   0   1   1   1   0   1   1   7   2   0   0   2  0.89 0.66
   76 L   -2 -3 -4 -4 -1 -3 -3 -4 -2  2  4 -3  0 -1 -3 -3 -2  5 -2  2    3   1   1   1   1   1   1   1   1  11  50   1   0   2   1   1   1   8   0  15  0.63 0.66
   77 E   -2 -2 -2 -2  1 -2  2 -4 -1 -1  4 -2  2  0 -3 -1 -1 -3 -1  0    2   1   2   1   3   1  18   1   2   2  40   1   5   4   1   5   3   0   2   5  0.36 0.73
   78 G   -2 -1  2  2 -5 -1 -1  6 -2 -5 -4  0 -4 -5 -4 -1 -3 -5 -3 -4    0   4   8  10   0   3   4  59   1   0   1   5   0   0   0   2   0   0   1   1  0.94 0.86
   79 E   -2  0 -2  0 -2  1  4  4 -2 -5 -4 -1  0 -5 -2 -1 -1 -5 -4 -4    1   5   1   3   1   6  33  36   1   0   1   3   3   0   2   3   3   0   0   0  0.69 0.90
   80 K   -2 -3 -2 -1 -4  0  2 -1 -2 -1  4 -1  2 -3 -1 -2 -2 -4  1 -1    1   0   1   4   0   4  17   5   1   1  42   4   4   0   3   2   2   0   5   2  0.39 1.00
   81 D    0 -1  1  5 -5  0  4 -2 -2 -5 -4  1 -3 -5 -4  0 -2 -5 -3 -4    9   2   7  33   0   2  27   3   1   0   1   8   0   0   0   6   2   0   1   0  0.72 1.00
   82 Y    0 -4 -3 -4  0 -2 -4 -3  1 -3 -3 -2 -3  0 -4  0  4 -1  7 -3    9   0   0   0   2   1   0   1   2   0   0   1   0   1   0   5  28   0  48   0  1.08 0.99
   83 I   -2  1  0  0 -2  3  3 -4 -2  0 -2  0 -1 -2  1 -2 -1 -5 -4  2    2   6   3   4   1  13  23   1   1   6   2   6   1   2   7   1   2   0   0  19  0.35 1.03
   84 L   -4 -5 -6 -6 -4 -4 -4 -6 -5  3  5 -5  0 -1 -3 -5 -3 -4 -3  2    0   0   0   0   0   0   1   0   0  16  70   0   0   1   1   0   0   0   0  10  1.09 1.03
   85 E   -2  0  1 -2  2  5  3 -4  0 -5 -4  4 -2 -5 -2 -1 -1 -5 -3 -3    3   2   5   1   4  28  16   0   2   0   0  27   1   0   1   3   3   0   0   2  0.70 1.05
   86 D   -1 -2  3  5 -2  0  2 -1  1 -5 -6 -1 -5 -5  2  0 -2 -6 -2 -5    6   1  12  33   1   3  13   5   4   0   0   3   0   0  10   8   1   0   2   0  0.65 1.10
   87 G   -3 -1  3  0 -4  1 -2  5 -2 -6 -6  2 -3 -6 -4 -1 -2 -5 -5 -5    0   3  17   4   0   8   1  47   1   0   0  13   1   0   0   3   2   0   0   1  0.88 1.10
   88 D   -4 -2 -1  8 -6 -1 -1 -4 -1 -6 -6 -2 -5 -6 -4 -1 -3 -7 -5 -6    0   1   0  92   0   1   0   0   1   0   0   1   0   0   0   3   0   0   0   0  1.95 1.08
   89 I   -3  1  4 -1  1 -1  2 -4  2 -1 -2  1 -2 -5 -4 -1  1 -5 -4  1    0   7  21   2   3   1  17   0   5   4   3   8   1   0   0   5  11   0   0  13  0.39 1.09
   90 I   -3 -5 -6 -6 -1 -5 -5 -6 -6  5  0 -5  0  0 -5 -4 -3 -5 -3  5    0   0   0   0   1   0   0   0   0  41   4   0   1   3   0   0   0   0   0  49  1.20 1.07
   91 S   -1 -4 -4 -4  1 -3 -1 -5 -2  0  2 -4  2 -3 -4  0  3 -5 -1  4    4   0   0   0   2   1   3   0   1   2  19   0   5   0   0   8  21   0   2  31  0.51 1.09
   92 F   -5 -5 -5 -6 -5 -6 -6 -6 -4  0  0 -5 -1  9 -6 -5 -4 -2  1 -2    0   0   0   0   0   0   0   0   0   4   6   0   1  87   0   0   0   0   1   1  1.95 1.06
   93 T   -3 -5 -5 -6 -4 -5 -5 -6 -6  7  1 -5 -1 -3 -5 -4  0 -5 -4  3    1   0   0   0   0   0   0   0   0  71   8   0   0   0   0   0   5   0   0  15  1.29 1.04
   94 S   -1 -3 -2 -3 -3 -3 -3 -2 -3 -5 -5 -3 -3 -3  1  7  0 -5 -4 -4    1   0   0   0   0   0   0   1   0   0   0   0   1   1   7  87   2   0   0   0  1.32 1.03
   95 T   -2 -3 -2 -3 -3 -3 -3 -4 -4 -3 -2 -3  1 -4  1  0  7 -5 -1 -1    0   0   0   0   0   0   0   0   0   0   1   0   4   0   5   5  79   0   3   3  1.23 0.97
   96 L   -1 -5 -6 -6 -3 -4 -5 -6 -5  2  6 -5  1 -2 -5 -4 -3 -4 -3  1    5   0   0   0   0   0   0   0   0   9  76   0   2   0   0   0   0   0   0   8  1.10 0.97
   97 H   -1 -3 -2 -3 -5 -2 -2 -4 11 -6 -5 -3 -4 -4 -3 -3 -4 -5  0 -5    5   0   0   0   0   0   0   0  93   0   0   0   0   0   1   0   0   0   0   0  2.41 0.97
   98 G   -2 -5 -3 -4 -5 -4 -4  7 -4 -6 -6 -4 -5 -6 -4 -2 -4 -5 -5 -6    0   0   0   0   0   0   0 100   0   0   0   0   0   0   0   0   0   0   0   0  2.05 0.94
   99 G   -2 -5 -3 -4 -5 -4 -4  7 -4 -6 -6 -4 -5 -5 -4 -2 -4 -5 -5 -6    0   0   0   0   0   0   0 100   0   0   0   0   0   0   0   0   0   0   0   0  2.03 0.91

                      K         Lambda
Standard Ungapped    0.1423     0.3181
Standard Gapped      0.0410     0.2670
PSI Ungapped         0.1771     0.3171
PSI Gapped           0.0542     0.2670
