
Last position-specific scoring matrix computed, weighted observed percentages rounded down, information per position, and relative weight of gapless real matches to pseudocounts
           A  R  N  D  C  Q  E  G  H  I  L  K  M  F  P  S  T  W  Y  V   A   R   N   D   C   Q   E   G   H   I   L   K   M   F   P   S   T   W   Y   V
    1 E   -3 -2 -2  0 -6  0  7 -4 -2 -5 -5 -1 -4 -5 -3 -2 -3 -5 -4 -5    0   0   0   0   0   0 100   0   0   0   0   0   0   0   0   0   0   0   0   0  1.76 0.85
    2 T   -1  1 -2 -3 -4  1  0 -4 -3 -1 -2  1  2 -1 -4 -2  3 -4  2  3    3   8   1   0   0   7   5   0   0   3   2   9   5   3   0   1  25   0   8  22  0.35 0.85
    3 P   -2 -4 -4 -2 -5 -2 -1 -3 -4 -5 -4 -3 -4 -6  8 -1 -3 -6 -5 -3    2   0   0   1   0   1   4   1   0   0   1   0   0   0  86   3   0   0   0   2  2.19 0.85
    4 Y   -3 -4 -5 -5 -3 -4 -4 -5 -3  2  2 -4  0  3 -5 -4 -2 -3  4  4    1   0   0   0   0   0   1   0   0  10  21   0   1  11   0   0   1   0  17  38  0.76 0.86
    5 A    4  1 -1 -1 -3 -2 -1 -1 -3 -4 -4  0 -3 -5  0  1  4 -5 -4 -2   37   7   1   3   0   0   3   4   0   0   0   4   0   0   4   8  29   0   0   1  0.55 0.86
    6 I   -3 -5 -5 -6 -3 -4 -5 -6 -5  5  4 -5  1 -2 -5 -4 -3 -4 -3  3    0   0   0   0   0   0   0   0   0  38  36   0   2   0   0   0   0   0   0  24  0.98 0.86
    7 A    0 -2 -1 -4 -4 -1 -4 -4 -1 -1 -1 -2  0  5 -4  0  1 -2  4  1    8   2   4   0   0   2   0   0   1   2   5   1   3  31   0   6  12   0  13  10  0.52 0.86
    8 L   -2 -5 -5 -6 -1 -4 -5 -6 -5  3  4 -5 -1  0 -5 -4 -3 -4  1  4    2   0   0   0   1   0   0   0   0  14  41   0   0   3   0   0   0   0   5  34  0.81 0.86
    9 N   -4 -2  8 -1 -5 -2 -2 -1 -1 -5 -6 -2 -4 -5 -4 -1 -2 -6 -4 -5    0   0  96   0   0   0   0   4   0   0   0   0   0   0   0   0   0   0   0   0  1.88 0.86
   10 D   -1 -4  1  4 -5 -3  1  5 -3 -6 -6 -3 -5 -5 -4 -1 -3 -5 -5 -5    3   0   5  25   0   0  10  54   0   0   0   0   0   0   0   2   0   0   0   0  1.07 0.86
   11 R   -1  5 -1 -2 -5  0  4 -4 -1 -2 -4  2 -3 -5 -4 -1 -1 -5 -4 -1    3  35   2   1   0   1  31   0   1   3   0  12   0   0   0   4   4   0   0   5  0.73 0.86
   12 V   -2 -1 -1 -2 -5 -1  3 -4  7 -2 -3 -1 -3 -2  3 -1  1 -5  0  0    2   2   1   1   0   2  21   0  27   2   1   2   0   1  16   3   9   0   2   7  0.66 0.86
   13 I    1 -4 -5 -5 -3 -3 -4 -5  1  4  2 -4  1  3 -5 -2 -2  6  0  1   12   0   0   0   0   1   0   0   4  24  18   0   2  13   0   2   1  12   2   8  0.60 0.86
   14 G    2 -4 -2 -4 -3 -3 -3  3 -4  0  1 -2  2 -3 -4  0  1 -4 -4  1   23   0   2   0   0   0   1  20   0   3  16   1   7   0   0   8   8   0   0  11  0.36 0.86
   15 S    0 -3 -2 -3 -3 -3 -3 -3 -4 -2 -3 -3 -3 -4 -3  2  6 -5 -4  1    4   0   0   0   0   0   0   0   0   0   0   0   0   0   0  15  68   0   0  12  1.05 0.86
   16 S    3 -4 -4 -4 -3 -3 -4 -4 -4  0  2 -3  5  3 -4  1 -2 -3 -1  1   26   0   0   0   0   0   0   0   0   5  17   0  16  13   0  14   0   0   2   8  0.49 0.86
   17 M   -1 -4 -4 -5 -3  0 -4 -5 -4  0  2 -3  8 -2 -4 -1 -2 -4 -3  1    3   0   0   0   0   4   0   0   0   4  17   0  59   0   0   5   1   0   0   7  1.13 0.86
   18 V    1 -5 -4 -5  8 -4 -5 -3 -5  1  1 -4  1 -3 -4 -3  0 -5 -4  3   14   0   0   0  31   0   0   2   0   7  13   0   4   0   0   0   6   0   0  24  0.84 0.86
   19 L   -1 -3 -2 -3 -3 -3 -3 -2 -4 -3  2 -3  0 -4 -3  5  3 -5 -4 -2    2   0   0   0   0   0   0   1   0   0  20   0   2   0   0  51  23   0   0   2  0.72 0.86
   20 P    0 -4 -2 -3 -5 -3 -2 -4 -4 -5 -5 -3 -4 -6  8 -2 -3 -6 -5 -4    8   0   2   0   0   0   2   0   0   0   0   0   0   0  87   1   0   0   0   0  2.28 0.86
   21 V   -1  0 -2  0 -2  1 -1  1 -3  0 -1 -1 -2 -1 -4  2  3 -4 -1  2    3   5   0   5   1   6   4   9   0   4   4   3   1   2   0  15  22   0   2  15  0.23 0.86
   22 D   -1 -2  3  5 -2  0  1  1  3 -4 -3 -1  4 -4 -4 -1 -3 -5 -2 -4    4   2  12  35   1   3   6  12   7   0   1   3  12   0   0   2   0   0   1   0  0.62 0.86
   23 L   -3 -3 -5 -5 -4 -4 -1 -6 -5  1  6 -3  1  0 -3 -3 -3 -4 -3 -1    0   1   0   0   0   0   6   0   0   4  81   1   1   4   1   1   0   0   0   0  1.01 0.86
   24 E   -2  3 -1  0 -5  1  6 -4 -2 -5 -5  1 -4 -5 -3 -2 -2 -5 -4 -3    3  16   1   3   0   2  64   0   0   0   0   8   0   0   0   0   1   0   0   1  1.08 0.86
   25 E    0 -3 -1  4 -5  0  6 -4 -2 -5 -5 -2 -4 -3 -3 -2 -3 -5 -1 -3   10   0   1  28   0   2  54   0   0   0   0   0   0   1   0   1   0   0   2   1  1.03 0.86
   26 F   -4 -5 -5 -6 -4 -5 -5 -5 -4 -1  3 -5  2  7 -5 -4 -4  2  2 -2    0   0   0   0   0   0   0   0   0   0  36   0   5  53   0   0   0   2   4   0  1.24 0.86
   27 G    4 -4 -4 -4 -1 -3 -2  2 -4  0 -3 -3 -2 -2 -4 -1  1 -5 -4  3   37   0   0   0   1   0   2  19   0   5   0   0   0   2   0   1   7   0   0  26  0.57 0.86
   28 A    1 -2 -4 -5 -3 -4 -4 -4 -4  2  1 -4 -1 -1 -4 -2  2 -4 -1  4   15   2   0   0   0   0   0   0   0  12  10   0   0   3   0   0  16   0   2  40  0.58 0.86
   29 G   -2 -4 -2 -3 -5 -4 -4  7 -4 -6 -6 -4 -5 -5 -4 -2 -4 -5 -5 -5    0   0   0   0   0   0   0 100   0   0   0   0   0   0   0   0   0   0   0   0  1.99 0.86
   30 F   -4 -4 -5 -5 -5 -4 -5 -5  2 -3 -2 -5 -2  8 -5 -3 -4 -1  6 -3    0   0   0   0   0   0   0   0   4   0   1   0   0  64   0   1   0   0  30   0  1.65 0.86
   31 L   -2 -4 -3 -5 -1 -4 -5 -5 -5 -1  6 -4  1 -2 -5 -1 -3 -4 -3 -1    3   0   2   0   1   0   0   0   0   0  87   0   2   0   0   6   0   0   0   0  1.11 0.86
   32 F   -2 -4 -5 -5  0 -4 -5 -5 -3  0  1 -5  1  7 -5 -3 -3 -1  5  0    3   0   0   0   3   0   0   0   0   4  12   0   3  48   0   2   0   0  19   6  1.05 0.86
   33 G    1 -3  2 -3 -1 -3 -3  3 -3 -4 -4 -3 -3 -5 -3  3  4 -5 -4 -2    9   0  12   0   1   0   0  21   0   0   0   0   0   0   0  20  36   0   0   1  0.70 0.86
   34 Q   -3 -1 -2 -1 -6  4  6 -4 -2 -5 -5  0 -4 -5 -3 -1 -3 -5 -4 -5    0   2   0   0   0  20  74   0   0   0   0   2   0   0   0   2   0   0   0   0  1.38 0.86
   35 G   -2 -2 -1 -3 -5  2  1  6 -3 -6 -6 -1 -4 -5 -4 -2 -3 -5 -5 -5    0   2   1   0   0   9   9  74   0   0   0   3   0   0   0   1   0   0   0   0  1.30 0.86
   36 Y   -3 -4 -5 -5 -4 -3 -5 -6  0  4  2 -4 -1  2 -5 -4 -2 -3  4  3    0   0   0   0   0   1   0   0   2  32  17   0   0   9   0   0   2   0  16  20  0.74 0.86
   37 I   -3 -5 -5 -5 -3 -5 -5 -6 -5  7  2 -5 -1  0 -5 -4 -3 -4 -3  2    0   0   0   0   0   0   0   0   0  72  14   0   0   2   0   0   0   0   0  11  1.22 0.86
   38 K   -1  2 -1  2 -5  2  2 -2 -1 -4 -3  4 -3 -5 -3  1  0 -5 -2 -3    3  12   1  12   0   9  12   2   1   0   3  30   0   0   0   9   5   0   1   1  0.50 0.86
   39 K   -1  0  1  2 -4 -2 -1  2  0 -4 -4  1 -4 -2 -2  3  2 -5 -4 -3    4   5   8  11   0   0   3  15   2   0   0   8   0   2   2  24  17   0   0   1  0.40 0.86
   40 A    1 -1 -4 -2 -4 -2 -1 -3 -4  0 -1  1 -1 -2  6 -2  0 -5 -1 -1   10   4   0   1   0   1   2   2   0   6   4   8   2   1  43   2   5   0   3   4  0.77 0.86
   41 E   -1 -2  0  4 -5 -1  4  0 -3 -5 -5  0 -4 -5 -3  1 -1 -5 -4 -3    4   1   2  29   0   1  35   7   0   0   0   4   0   0   0  12   3   0   0   2  0.73 0.86
   42 E   -3  0 -2  4 -6  3  6 -4 -2 -5 -5 -1 -4 -5 -3 -2 -3 -5 -4 -2    0   3   0  26   0  12  55   0   0   0   0   2   0   0   0   0   0   0   0   3  1.12 0.86
   43 I   -3 -5 -5 -5 -3 -5 -5 -6 -5  6  2 -5 -1  0 -5 -4 -3 -4 -3  3    0   0   0   0   0   0   0   0   0  66  16   0   0   4   0   0   0   0   0  14  1.14 0.86
   44 R    0  2 -2 -2 -4  0  4 -3 -1 -1 -1  3 -2 -1 -4 -1 -1 -5 -2 -1    8  10   1   1   0   1  30   1   1   4   6  21   1   3   0   2   4   0   1   5  0.39 0.86
   45 E   -1  0 -1  2 -4 -1  3  0 -3 -2 -2  0 -2 -5 -3  4 -1 -5 -4 -3    1   3   1  10   0   1  25   5   0   2   3   5   1   0   0  39   2   0   0   1  0.54 0.86
   46 I   -2 -5 -5 -5  0 -5 -5 -6 -5  5  2 -5  0 -2 -5 -4 -3 -5 -3  4    1   0   0   0   2   0   0   0   0  43  16   0   2   0   0   0   0   0   0  37  0.99 0.86
   47 L   -2  5 -3 -3 -5 -1  3 -4 -1 -1 -1  2 -3 -4 -4 -1 -1 -1 -1  0    3  34   0   0   0   1  20   0   1   3   8  12   0   0   0   5   3   1   2   6  0.53 0.86
   48 V   -1 -5 -5 -5 -3 -4 -3 -5 -5  5  2 -4 -1 -2 -4 -3 -2 -5 -3  5    3   0   0   0   0   0   2   0   0  34  14   0   0   0   0   1   0   0   0  46  0.92 0.85
   49 C   -1 -1 -1  3  8 -1 -1 -2  0 -2 -1 -2  0 -3 -3 -2  0 -3 -3  0    5   3   2  18  34   2   4   3   3   1   4   2   3   1   1   1   5   0   1   6  0.67 0.70
   50 P   -2 -3 -2  2 -5  0  5 -4  1 -5 -5 -2 -4 -2  4 -2 -3 -5 -4 -4    2   0   0  13   0   1  54   0   3   0   0   0   0   2  23   1   0   0   0   0  1.08 0.83
   51 Q   -2  0  1  2 -5  2  5 -2  2 -5 -5  3 -4 -5 -3 -1 -1 -5 -4 -4    1   3   6   9   0   9  37   3   5   0   0  22   0   0   0   3   2   0   0   0  0.69 0.80
   52 G   -2 -3  5 -2 -4 -1 -3  6  0 -5 -5 -3 -4 -5 -4 -1 -2 -5 -4 -5    0   0  31   0   0   2   0  58   2   0   0   0   0   0   0   3   2   0   0   0  1.17 0.76
   53 R   -1  6  0 -1 -5  0 -2  1 -2 -4 -2  0 -3 -5 -4  0 -3 -5 -4 -2    5  57   5   2   0   3   0  13   0   0   3   3   0   0   0   6   0   0   0   3  0.81 0.74
   54 I    0 -5 -5 -5 -3 -4 -5 -2 -5  6  1 -4  1 -1 -4 -3 -1 -4 -3  3    7   0   0   0   0   0   0   3   0  64   5   0   2   2   0   0   2   0   0  15  0.89 0.72
   55 S    1 -3  1  2 -3 -2 -2 -2 -2 -3 -3 -2 -3  3 -3  4  1 -3  1 -2   14   0   5  11   0   0   0   0   0   0   0   0   0  16   0  41   6   0   4   2  0.51 0.67
   56 V   -2 -4 -5 -5 -2 -4 -4 -5 -5  3 -1 -4 -1 -2 -4 -3 -2 -5 -3  6    0   0   0   0   0   0   0   0   0   9   0   0   0   0   0   0   0   0   0  91  1.18 0.64
   57 Y   -3 -3 -3 -4 -4 -1 -1 -4  2 -2  0 -3 -2  2 -4 -3 -3  6  7 -2    0   0   0   0   0   3   3   0   4   0  13   0   0   3   0   0   0  12  62   0  1.17 0.49
   58 A    6 -2 -3 -3 -1 -2 -2 -1 -3 -2 -3 -2 -2 -3 -2  0 -1 -4 -3 -1  100   0   0   0   0   0   0   0   0   0   0   0   0   0   0   0   0   0   0   0  0.90 0.35

                      K         Lambda
Standard Ungapped    0.1431     0.3220
Standard Gapped      0.0410     0.2670
PSI Ungapped         0.2002     0.3178
PSI Gapped           0.0613     0.2670
