
Last position-specific scoring matrix computed, weighted observed percentages rounded down, information per position, and relative weight of gapless real matches to pseudocounts
           A  R  N  D  C  Q  E  G  H  I  L  K  M  F  P  S  T  W  Y  V   A   R   N   D   C   Q   E   G   H   I   L   K   M   F   P   S   T   W   Y   V
    1 M   -2 -3 -4 -5 -2 -2 -4 -4 -3  1  3 -3  7 -1 -4 -3 -2 -3 -2  2    0   0   0   0   0   0   0   0   0   3  25   0  57   0   0   0   0   0   0  14  0.83 0.40
    2 E   -1 -2 -1  5 -4 -1  4 -3 -2 -4 -4 -1 -4 -5 -3 -1  3 -5 -4 -3    3   0   0  43   0   0  32   0   0   0   0   0   0   0   0   0  22   0   0   0  0.89 0.53
    3 R   -3  6 -2 -3 -5  0 -1 -4 -2 -5 -4  5 -3 -5 -3 -1 -2 -5 -4 -4    0  52   0   0   0   0   0   0   0   0   0  45   0   0   0   3   0   0   0   0  1.20 0.65
    4 V    0 -4 -4 -4 -3 -4 -4 -4 -1  5 -1 -4 -1 -2 -4  1  0 -5 -3  4    5   0   0   0   0   0   0   0   2  47   1   0   0   0   0  13   4   0   0  27  0.70 0.69
    5 L   -3 -4 -5 -5 -3 -4 -5 -5 -5  3  5 -4  1 -1 -5 -4  0 -4 -3  0    0   0   0   0   0   0   0   0   0  19  73   0   2   0   0   0   7   0   0   0  0.97 0.70
    6 K   -3  1 -2 -3 -5 -1 -1 -4 -3  0  0  7 -2 -4 -3 -2 -3 -5 -4 -3    0   2   0   0   0   0   0   0   0   6  13  79   0   0   0   0   0   0   0   0  1.04 0.70
    7 V   -2 -2 -4 -4 -3 -3 -3 -5 -4  2 -1  2 -1 -3 -4 -3 -2 -5 -3  6    0   1   0   0   0   0   0   0   0   6   0  18   0   0   0   0   0   0   0  75  0.93 0.70
    8 F   -2 -4 -4 -5  9 -4 -4 -4  0  1 -2 -4 -2  5 -4 -3 -3 -3 -1  1    0   0   0   0  44   0   0   0   3   9   1   0   0  27   0   0   0   0   0  12  1.15 0.66
    9 H   -1 -1 -1 -1 -2 -1 -1 -1  8 -2 -1 -1 -1  1 -1 -1 -1 -1  0 -2    4   3   2   3   1   2   3   4  45   3   6   3   1   6   3   4   3   1   2   3  0.66 0.35
   10 Y   -2 -2 -2 -3  3  0 -2 -3  4 -2  1 -2 -1  5 -3 -2 -2 -1  5 -2    2   1   1   1   6   4   1   2  12   1  13   1   1  28   1   2   1   0  19   1  0.58 0.54
   11 F   -2 -3 -3 -3  0 -2 -3 -3  2  0  2 -3 -1  5 -3 -1 -1 -1  2  0    2   1   1   1   2   1   1   2   5   5  26   1   1  30   1   4   4   0   7   5  0.45 0.54
   12 E   -1 -2  3 -1  1 -1  3 -1 -2  0 -2 -1 -2 -3 -2  3 -1 -3 -2 -2    2   1  13   1   4   1  25   3   0   9   2   1   1   1   1  31   1   0   1   1  0.39 0.54
   13 N   -1 -2  6 -1 -3 -2 -2 -2 -2 -1 -3 -2 -3 -3 -2  3  2 -4 -3 -3    3   1  39   2   0   1   1   1   0   4   2   1   0   1   1  28  14   0   1   1  0.68 0.65
   14 S    0 -2  4  0 -2 -1 -1 -2 -2 -3 -3 -1 -2 -3 -2  4 -1 -3 -3 -2    6   1  26   4   0   1   1   2   1   1   2   3   1   1   1  44   1   0   1   4  0.59 0.61
   15 S   -1 -2  2 -2  2 -2 -2 -2 -2 -1 -2 -2 -2  3 -1  4  1 -2 -1 -2    4   1  12   1   4   1   1   2   0   3   3   1   0  17   2  34  10   0   1   1  0.40 0.65
   16 E   -2 -1  6 -1 -3  1  3 -2 -2 -3  0 -2 -2 -3 -3 -1 -1 -4 -3 -3    1   3  45   1   0   5  20   1   0   1  13   1   0   1   1   2   3   0   1   1  0.69 0.72
   17 P   -3 -4 -1 -4 -4 -2 -3 -4  2 -2  2 -3  2 -3  6 -2 -2 -4 -3  1    1   0   3   0   0   2   1   1   5   0  19   0   6   0  47   2   1   0   0   9  1.02 0.93
   18 T   -1 -3  5 -2  0 -3 -3  4 -3 -4 -4 -3 -2 -3 -4  2 -1 -4 -4 -3    2   0  36   0   2   0   0  30   0   0   2   0   1   1   0  16   3   0   0   2  0.80 0.95
   19 T   -2  0  0 -3 -1 -1 -2  5  0 -5 -5  4 -4 -2 -4 -2  1 -5 -4 -4    0   3   3   0   1   2   1  44   3   0   0  30   0   2   0   0   9   0   0   1  0.82 1.00
   20 W   -2 -3  5 -1 -4 -3  0  3 -1 -1 -4 -3 -4 -4 -4  1  0  6 -3 -3    2   0  32   1   0   0   8  20   2   4   0   0   0   0   0  12   4  13   0   1  0.75 1.00
   21 A    0 -5 -4 -5  1 -4 -5 -4 -3 -2 -2 -4 -1  8 -2  0 -3 -2  3  0   10   0   0   0   3   0   0   0   0   0   0   0   1  62   2   7   0   0   7   7  1.17 0.99
   22 S   -3  1  4 -2 -5  1 -2 -3 -3 -2 -4  5 -1 -5 -4  1 -2 -5 -4 -1    0   7  22   0   0   7   0   0   0   2   0  41   1   0   0  13   1   0   0   4  0.76 1.00
   23 I   -1 -4  1 -4  0 -2 -4 -4 -2  1  4 -4  1 -3 -5  0  0 -4  0  2    4   0   9   0   2   1   0   1   1   8  40   0   4   0   0   9   6   0   3  13  0.45 1.03
   24 I   -2 -4 -4 -4 -3 -4 -4 -4 -4  4 -1 -4 -1 -2 -4 -3 -2 -4 -3  6    1   1   1   1   0   0   1   1   0  23   1   1   0   0   1   1   1   0   0  67  1.10 0.91
   25 R   -3  5  0 -3 -4  0 -2 -3 -2 -2 -4  5 -3 -4 -3 -2 -3 -4 -3 -4    1  38   4   1   0   3   1   1   0   3   1  43   0   0   1   1   1   0   0   1  1.02 0.91
   26 H    0 -4 -4 -4  8 -4 -4 -4  4 -2 -2 -4 -3  4 -4 -2 -3  2  3 -3    8   0   0   0  37   0   1   1  10   2   3   1   0  18   0   2   1   3  11   1  1.16 1.07
   27 G    0 -3  3  2 -1 -2  1  3  0 -2 -3 -3 -2 -4 -2  1  0 -4 -4 -3    8   0  12  13   1   1  10  22   2   3   3   1   1   0   2  12   6   0   0   2  0.36 1.07
   28 D   -1 -3  0  5 -4 -2  3 -2 -3 -2 -4 -3  0 -1 -1  0 -3 -4 -2  1    5   0   4  32   0   0  22   3   0   3   1   1   2   4   3   9   1   0   1  10  0.55 1.07
   29 A    2 -3  2  1  0  0  0  2 -3 -2 -3 -1 -1 -4 -3  1  1 -4 -1 -3   19   0  11   9   2   3   6  17   0   2   2   3   2   0   0  11   9   0   2   1  0.32 1.07
   30 T   -1 -3 -1 -3 -3 -2  0 -3 -3  1 -1 -3  2 -3 -3  2  4  7 -2  1    3   1   3   1   0   0   6   1   0   9   3   1   5   0   1  13  31  13   0   9  0.56 0.87
   31 D   -1 -3  0  5 -4  0  2 -3 -3 -4 -2  0 -3 -4  1 -1  2 -4 -4 -3    4   1   4  39   0   4  13   1   0   1   3   5   0   0   7   3  13   0   0   1  0.64 0.87
   32 V   -2 -4 -4 -4 -3 -3 -4 -4 -4  3  1 -3  3  2  1 -3 -2 -3 -2  5    1   1   1   1   0   1   1   1   0  14   9   1   8   8   8   1   1   0   0  46  0.62 0.73
   33 R   -3  2  2 -3 -4  2  1  1 -2 -3  0  1 -3 -2 -3 -2 -3  6  3 -3    1  11  10   1   0  10  11  11   0   1  11  11   0   0   1   1   1  10  10   1  0.42 0.90
   34 G    0  1  2  1 -5  2  1  0 -4  1 -4  1 -4 -5 -4  1  1 -6 -5  0    8   8   8   8   0   8   8   8   0   8   0   8   0   0   0   8   8   0   0   8  0.24 1.22
   35 I   -1 -4 -4 -4 -3 -3  1 -1 -5  5  1 -4 -1 -3 -4  0  1 -5 -4  3    4   0   0   0   0   0   9   5   0  36  11   0   0   0   0   6   7   0   0  21  0.53 0.89
   36 I   -3  0 -5 -5 -3 -4 -5 -5 -5  6  2 -4  2 -2 -5 -4  0 -4 -3  1    0   6   0   0   0   0   0   0   0  53  13   0   6   0   0   0   5   0   0   8  0.74 0.89
   37 Q    0  2  2 -1 -1  4 -1 -3  5 -4 -4  0 -3 -3 -4  2  0 -5 -3  0    6  13   8   2   1  22   2   2  13   0   0   4   0   1   0  13   5   0   0   6  0.50 1.10
   38 K    0 -1 -4 -4  1  0 -3 -3 -4  0  3  2  2 -3 -4  1  1 -5 -4  1    7   3   0   0   3   4   0   2   0   3  32  12   5   0   0  14   8   0   0   9  0.35 1.10
   39 I   -2  0 -5 -5 -4 -4 -5 -6 -1  5  1 -4  1 -1 -5 -4  0 -5 -3  4    2   6   0   0   0   0   0   0   2  35   9   0   2   2   0   0   6   0   0  36  0.82 1.10
   40 V    0 -4 -4 -4 -3 -4 -4 -4 -4  2  3 -4  3  1 -4  0  2 -4 -3  2    8   0   0   0   0   0   1   1   0   9  33   0   6   6   0   6  14   0   0  14  0.50 1.22
   41 D    0  0  0  2 -4  0  1  0  2 -1 -2 -1  1 -4 -4  3  0 -4  0 -1    6   4   4  10   0   4   9   8   4   4   4   4   3   0   0  23   4   0   3   4  0.21 1.22
   42 C    0  3 -3 -2  5  0  0 -2 -4  2 -4 -1 -4 -5  0  3 -1 -5 -5 -3    6  18   0   2  13   5   5   3   0  14   0   3   0   0   5  23   3   0   0   0  0.49 1.22
   43 H   -3  0 -1  0  1 -4 -4  5  5 -4  1 -4 -3 -4 -5 -1 -4 -5  0 -2    0   5   3   6   3   0   0  40  15   0  18   0   0   0   0   4   0   0   3   3  0.72 1.22
   44 K    1  3  0  2 -5  2  1  2  0 -4 -3  2 -4 -6  0 -2 -1 -6 -5 -4   11  16   3   9   0   9   7  14   2   1   2  15   0   0   4   2   3   0   0   1  0.39 1.32
   45 V   -1  3 -5 -5 -4 -4 -4 -5 -5  4  1 -1  1 -4 -3 -1  1 -5 -4  3    6  19   0   0   0   0   0   0   0  28  10   3   4   0   1   3   9   0   0  17  0.59 1.35
   46 K   -1  2 -1  1  1  1  1  2  1 -5 -4  2 -4 -3  0 -1  1 -5  0 -1    4  10   2   9   3   6   8  18   3   0   1  11   0   1   4   4   8   0   3   4  0.25 1.35
   47 N   -4 -1  0 -1  2 -3 -1 -4  4 -2 -2 -2 -3  4  3 -2 -3  2  5 -4    1   4   6   4   5   0   4   1  10   3   4   2   0  19  15   2   1   2  19   0  0.63 1.25
   48 V    0  0 -2 -3  0  1  1 -2 -2  0 -2  0  1 -3  0  0  1 -4 -4  2    6   6   2   1   2   7  10   2   1   4   4   5   3   1   4   7   8   0   0  17  0.08 1.25
   49 A    1 -1  1 -1  2  1 -1  0  0 -3  0 -2 -1 -4  0  3 -1 -4 -1 -1   12   3   6   3   4   5   4   7   2   0  10   2   1   0   4  21   3   0   3   4  0.13 1.25
   50 C   -1 -3  0 -3  8 -3 -3 -3 -3 -1  1 -3  0 -1 -3  0 -1 -3  0  1    3   1   6   1  32   1   1   1   0   3  12   1   3   3   1   9   3   0   3  11  0.55 0.78
   51 Y   -3 -3 -3 -4  2 -3 -3 -4 -1 -2 -1  0 -2  4 -4 -3 -3 -1  7 -3    1   1   1   1   5   1   1   1   0   1   5   6   0  20   1   1   1   0  47   1  0.94 0.78
   52 G    4 -3 -2 -3  1 -2 -1  4 -3 -3 -3  0 -3 -4 -3  0 -2 -4 -3 -3   34   1   1   1   4   1   4  33   0   1   1   5   0   0   1   4   1   0   0   1  0.54 0.78
   53 L    1 -3 -4 -4  5 -3 -3 -3 -3  2  1 -3  4  3 -3 -2 -2 -3 -2  2   13   1   1   1  13   1   1   1   0  13  14   1  13  13   1   1   1   0   0  13  0.46 0.68
   54 R   -2  7 -3 -4 -5  0 -2 -4 -3 -4 -1  3  0 -4 -4 -3 -3 -4 -2 -3    3  63   0   0   0   3   1   1   0   0   7  13   2   0   0   1   0   0   2   2  1.16 1.11
   55 L   -1 -4 -5 -5 -3 -4 -4 -5 -4  2  5 -4 -1  0 -4 -4 -1 -4  0 -1    7   0   0   0   0   0   1   1   0  12  66   0   0   3   0   1   4   0   3   1  0.92 1.11
   56 S   -1  4 -2 -3  0  0  0 -4  3 -1 -1  3  0 -4 -4  1  0 -4  0  0    5  21   1   0   2   3   4   1   7   3   5  16   3   0   0  12   5   0   3   8  0.33 1.11
   57 H   -3  1  2 -1  3 -1 -1 -4  9 -4 -4 -2 -3 -3 -4 -3 -3 -4  0  0    1   9  10   2   6   2   4   1  52   0   1   2   0   0   0   1   0   0   3   7  1.25 1.11
   58 L    1 -2 -4 -4  2 -3 -4 -3 -1  1  3 -2  1 -2  1  1  1 -4 -3  1   10   2   0   0   4   0   1   2   2   8  29   2   3   2   8   9   9   0   0   9  0.31 1.11
   59 Q    0 -1  1 -3  1  2  0 -2  0 -2  0  3 -3 -4  2  1  1 -4 -4 -2    9   3   6   0   3   8   6   3   2   2   9  18   0   0  11   8   9   0   0   2  0.25 1.11
   60 S   -1 -1  1 -3 -3 -1 -2 -3 -3 -4 -4 -1 -3 -1 -1  5  3 -4 -3 -2    3   3   5   0   0   2   1   1   0   0   1   3   0   3   3  55  16   0   0   2  0.79 1.11
   61 E   -2  1  1  4 -5 -2  2  3 -1 -5 -5  1 -5 -6 -3 -1  0 -6 -5 -2    2   7   6  24   0   1  12  21   1   0   0  10   0   0   1   4   7   0   0   3  0.53 1.20
   62 E   -2 -1  0  3 -4  2  5 -2 -3 -4 -4  0 -3 -4 -1 -2 -3 -4 -4  0    3   3   5  13   0   7  47   3   0   1   1   5   0   0   3   1   1   0   0   7  0.75 1.06
   63 V   -3 -3 -3 -2  3 -3  0 -3  1  3  0 -1  1 -2 -2  0  0 -4 -3  4    1   1   1   3   7   0   6   2   3  18   6   3   3   2   2   8   4   0   0  30  0.40 1.06
   64 H   -3  1 -3 -4 -4  0 -3 -4  8 -1 -1  0 -3  3 -4 -3 -3 -2  4 -3    1   7   0   1   0   5   1   1  38   4   7   4   0  12   1   1   1   0  16   2  1.00 1.06
   65 W   -4 -4 -5 -5 -4 -4 -4 -4 -4 -4 -3 -4 -3 -1 -5 -4 -4 12  1 -1    1   1   0   1   0   0   1   1   0   1   1   1   0   0   1   1   1  81   2   7  3.03 1.06
   66 L   -3 -4 -5 -5 -3 -4 -4 -5 -4  2  6 -4  2 -2 -4 -4 -3 -4 -3  0    1   1   0   1   0   0   1   1   0   8  78   1   4   0   1   1   1   0   0   3  1.15 1.06
   67 H   -3 -2  2 -1 -4 -2 -1 -4 10 -4 -4 -3 -3 -3  0 -2  0 -4 -1 -4    1   1   7   3   0   0   3   1  68   1   1   1   0   0   4   2   6   0   0   1  1.68 1.06
   68 L   -3 -2  1 -3 -1  3 -2 -2 -1 -3 -3 -2 -3 -2  6  1 -1 -4 -4 -3    1   2   6   1   1  15   2   3   1   1   2   1   0   2  46  10   3   0   0   2  1.00 1.06
   69 D   -1 -3  0  7 -4 -1  0 -2 -1 -4 -4 -1 -4 -5 -3  0 -2 -5 -4 -2    4   1   3  61   0   2   5   3   2   1   2   3   0   0   1   8   2   0   0   4  1.05 1.06
   70 M   -2 -3 -3 -1 -1 -1  1 -4 -3 -1  3 -1  5 -1 -4  0  3 -4  0 -1    2   0   0   3   1   2   8   1   0   3  25   4  17   2   0   7  18   0   4   2  0.41 1.17
   71 G   -1 -3  1 -3 -3 -3 -3  2 -4 -3 -3 -2  3 -4  1  0  5 -4 -4 -2    4   0   8   0   0   0   1  14   0   0   1   2   7   0   7   5  45   0   0   3  0.71 1.17
   72 V   -3 -4 -4 -5 -3 -3 -4 -5  3  2  1 -4  6 -1 -4 -4 -1 -4 -3  4    1   0   0   0   0   0   1   1   7   8  10   1  26   2   0   1   4   0   0  36  0.88 1.18
   73 S    0  1  0  1  3  0 -2  2  0 -4 -3 -2 -4 -1 -1  3  0 -4  0 -4    6   8   3   8   6   3   2  14   2   0   3   1   0   3   2  26   6   0   4   1  0.32 1.18
   74 N   -2  0  1  1 -5  5  4 -4  3 -2 -4 -1 -3 -2 -4 -2 -2 -4  0  0    2   3   5   6   0  23  29   1   8   3   1   2   0   1   0   2   2   0   3   8  0.61 1.18
   75 V   -3 -4 -4 -5 -3  1 -4 -5 -4  2  2 -4  1 -3 -4 -4 -3 -4 -3  6    1   0   0   0   0   8   1   1   0   7  18   1   3   0   0   1   1   0   0  58  0.94 1.18
   76 R   -2  3 -3 -3 -4  3  1 -1  0 -1  0  2  0 -4 -1 -1  1 -4  0  0    2  15   0   0   0  11   9   4   2   3  10  13   3   0   4   4   9   0   4   7  0.25 1.18
   77 E    1  0 -1  1 -4  4  4 -3  0 -4 -2  0 -3 -4 -3 -2 -1 -4 -4 -1   14   5   2   8   0  19  29   2   2   0   5   4   0   0   0   2   3   0   0   4  0.51 1.18
   78 K   -1  4  0 -1 -4  2 -2 -4  1 -2 -2  5 -1 -2 -3 -3 -1 -4 -3 -4    4  21   3   4   0   8   1   1   3   3   5  38   1   2   0   1   4   0   0   1  0.67 1.18
   79 F   -4 -4 -4 -5  1 -4 -4 -5  1 -2 -1 -4  0  4 -5 -4 -2  4  8 -3    1   0   0   0   3   0   1   1   3   2   4   1   2  14   0   1   2   5  59   1  1.48 1.15
   80 E   -1  0  1  1 -4  2  5 -4 -3 -2 -1 -2 -3  3 -3 -2 -3  0 -2 -3    4   4   6   8   0   7  39   1   0   2   7   1   0  13   1   2   1   1   0   1  0.58 1.12
   81 L    1  0  1 -2  3  4 -1 -2 -1 -2 -1  1 -3 -4  1  3 -2 -4 -4 -3   10   3   7   2   6  17   2   2   1   2   7  10   0   0   8  21   1   0   0   1  0.35 1.14
   82 A   -1 -1  3 -2  1  2 -1 -2  1  1  0  3 -3 -2 -2 -1 -2 -4  0 -3    6   3  14   1   4  10   4   2   3   7  11  21   0   1   2   5   2   0   3   1  0.27 1.14
   83 H   -3  0 -1 -3 -1  0 -1 -4  9 -4 -2 -1  0 -3 -4 -2  0 -3  3 -4    1   4   1   1   2   4   3   1  53   1   5   2   2   0   1   3   5   0  10   1  1.27 1.15
   84 P    0 -3  0 -1 -2  0 -3 -3 -1 -1  0 -1 -1 -4  6  1 -3 -5 -4  0    8   0   4   3   1   4   1   2   2   4  10   4   2   0  36  11   1   0   0   8  0.62 1.16
   85 P    1 -4  2  0 -5  1  3 -3  2  0  0 -3 -1 -1  1  1 -1 -5 -3 -1   13   0  11   4   0   5  19   1   4   5   9   0   2   2   6  11   4   0   1   3  0.25 1.28
   86 E    2 -2 -1  3 -1 -3  2 -2 -4 -4 -4 -1 -4 -5 -4  4  0 -6 -5 -4   18   2   2  17   1   0  12   2   0   1   1   3   0   0   0  36   4   0   0   0  0.64 1.28
   87 E   -4 -3  0  2  3  2  6 -5 -1 -4 -5  1 -4 -1 -4 -3 -3 -5 -4  0    0   0   3  11   6   8  50   0   1   0   0   7   0   3   0   0   0   0   0   9  0.89 1.26
   88 W   -5 -5 -6 -7  4 -2 -6 -5 -5 -4  0 -6 -4  0 -6 -5 -5 12 -1 -5    0   0   0   0  10   2   0   0   0   0   9   0   0   3   0   0   0  77   0   0  3.10 1.28
   89 K   -4  7 -3 -4 -6 -2 -3 -5 -1 -5 -2  3 -4 -5 -5 -2 -4 -5 -4 -3    0  72   0   0   0   0   0   0   2   0   5  17   0   0   0   3   0   0   0   2  1.51 1.24
   90 Y   -1 -4 -5 -6 -1 -4 -5 -5  0 -3 -1 -4 -3  6 -5 -4 -3 -1  8 -2    5   0   0   0   1   0   0   0   2   0   5   0   0  29   0   0   1   0  56   2  1.53 1.00
   91 E   -3 -3  0  5 -6 -1  6 -4 -3 -5 -4 -2 -5 -6 -4 -2 -3 -6 -5 -5    0   0   2  29   0   0  66   0   0   0   2   0   0   0   0   0   0   0   0   0  1.42 1.00
   92 L   -4 -5 -6 -6 -4 -5 -5 -6 -5  0  6 -5  0 -2 -5 -5 -3 -4 -3  0    0   0   0   0   0   0   0   0   0   0  97   0   0   0   0   0   0   0   0   3  1.48 1.00
   93 R   -4  8 -3 -4 -6  2 -2 -5 -2 -5 -5  0 -4 -5 -4 -3 -3 -5 -4 -5    0  92   0   0   0   8   0   0   0   0   0   0   0   0   0   0   0   0   0   0  1.87 1.00
   94 I   -3 -5 -6 -6 -3 -5 -5 -6 -6  6  1 -5  0 -3 -5 -5 -3 -5 -4  4    0   0   0   0   0   0   0   0   0  60   7   0   2   0   0   0   0   0   0  31  1.26 1.00
   95 R   -4  8 -3 -4 -6 -1 -2 -5 -2 -5 -5  0 -4 -5 -5 -3 -3 -5 -4 -5    0 100   0   0   0   0   0   0   0   0   0   0   0   0   0   0   0   0   0   0  2.05 1.00

                      K         Lambda
Standard Ungapped    0.1363     0.3221
Standard Gapped      0.0410     0.2670
PSI Ungapped         0.1722     0.3178
PSI Gapped           0.0527     0.2670
